id	pp_element	element_muts_obs	element_muts_exp	element_enriched	pp_site	site_muts_obs	site_muts_exp	site_enriched	fdr_element	fdr_site	has_site_mutations
mirna.prom::chr6:43392911-43395510_2::NA::NA	1.58076374619431e-16	23	2.22083567971263	TRUE	1	NA	NA	NA	1.52543701507751e-13	1	
mirna.prom::chr2:114341150-114361515_4::NA::NA	1.60601794891348e-07	32	11.1563310140355	TRUE	1	NA	NA	NA	7.74903660350756e-05	1	
mirna.prom::chr1:6500637-6531811_4::NA::NA	1.05684364270732e-06	16	3.53029816326138	TRUE	1	NA	NA	NA	0.000339951371737521	1	
mirna.prom::chr15:102501637-102501975_2::NA::NA	3.41566387850966e-05	10	2.02522081488251	TRUE	1	NA	NA	NA	0.00824028910690456	1	
mirna.prom::chr6:32728998-32729398_1::NA::NA	0.00013666079671505	9	1.86787447919672	TRUE	1	NA	NA	NA	0.0219796114716706	1	
mirna.prom::chr7:97557510-97557910_1::NA::NA	0.000118185368746695	13	3.6411572595332	TRUE	1	NA	NA	NA	0.0219796114716706	1	
mirna.prom::chr11:62569203-62609034_4::NA::NA	0.000302133311201068	7	1.20911706591864	TRUE	1	NA	NA	NA	0.0416512350441472	1	
mirna.prom::chr2:28172254-28172654_1::NA::NA	0.000884861715326236	7	1.4534814382551	TRUE	1	NA	NA	NA	0.106736444411227	1	
mirna.prom::chr13:91999751-92000073_1::NA::NA	0.00190611294453391	8	2.22956112453124	TRUE	1	NA	NA	NA	0.195532295323719	1	
mirna.prom::chr15:62599304-62599704_1::NA::NA	0.00202624140231833	6	1.23419420281487	TRUE	1	NA	NA	NA	0.195532295323719	1	
mirna.prom::chr11:67250734-67250818_1::NA::NA	0.00370283226414658	3	0.302497309000103	TRUE	1	NA	NA	NA	0.324839375900131	1	
mirna.prom::chr14:48238987-48239387_1::NA::NA	0.00413705389256447	8	2.38175180506556	TRUE	1	NA	NA	NA	0.332688083860393	1	
mirna.prom::chr12:9393141-9393252_1::NA::NA	0.00765624065691296	3	0.385415462789718	TRUE	1	NA	NA	NA	0.527733730994358	1	
mirna.prom::chr5:167996023-167996343_1::NA::NA	0.00758023689863026	5	1.13798246830448	TRUE	1	NA	NA	NA	0.527733730994358	1	
mirna.prom::chr17:29877013-29877219_2::NA::NA	0.00863142691098251	3	0.403241232406274	TRUE	1	NA	NA	NA	0.555288464606541	1	
mirna.prom::chr19:50312100-50329390_3::NA::NA	0.00970975680708994	7	2.19487446233748	TRUE	1	NA	NA	NA	0.585619707427612	1	
mirna.prom::chr5:167996023-167998282_2::NA::NA	0.0110448682771266	10	3.9936131083215	TRUE	1	NA	NA	NA	0.626958699260421	1	
mirna.prom::chr3:96073722-96073955_1::NA::NA	0.0175411733878373	5	1.3831452610669	TRUE	1	NA	NA	NA	0.940401795514612	1	
mirna.prom::chr1:10017351-10017751_1::NA::NA	0.643107446646227	1	2.22011768689249	FALSE	1	NA	NA	NA	1	1	
mirna.prom::chr1:10291-10691_1::NA::NA	0.198162837527085	2	0.697969905607641	TRUE	1	NA	NA	NA	1	1	
mirna.prom::chr1:1098131-1098531_1::NA::NA	0.812668662330848	1	1.25526525861371	FALSE	1	NA	NA	NA	1	1	
mirna.prom::chr1:113044974-113047109_2::NA::NA	0.664348582281737	2	2.67429300733641	FALSE	1	NA	NA	NA	1	1	
mirna.prom::chr1:12655882-12655992_1::NA::NA	0.536884121815766	1	0.503853283528326	TRUE	1	NA	NA	NA	1	1	
mirna.prom::chr1:153699791-153700191_1::NA::NA	0.34093349379941	3	1.64221164903101	TRUE	1	NA	NA	NA	1	1	
mirna.prom::chr1:154111876-154114045_3::NA::NA	0.534382595961736	1	1.75441458822731	FALSE	1	NA	NA	NA	1	1	
mirna.prom::chr1:156931604-156949656_4::NA::NA	0.250990018028837	4	2.1271633680979	TRUE	1	NA	NA	NA	1	1	
mirna.prom::chr1:156933406-156949656_3::NA::NA	0.402805576222168	3	1.77779317768605	TRUE	1	NA	NA	NA	1	1	
mirna.prom::chr1:159869726-159869753_1::NA::NA	0.0798098482525814	1	0.0867498534663114	TRUE	1	NA	NA	NA	1	1	
mirna.prom::chr1:167958220-167958620_1::NA::NA	0.797327427243128	1	1.27852829480344	FALSE	1	NA	NA	NA	1	1	
mirna.prom::chr1:17216144-17222905_3::NA::NA	0.030698315351582	8	3.34742917854404	TRUE	1	NA	NA	NA	1	1	
mirna.prom::chr1:177001461-177001585_1::NA::NA	0.51273184323246	1	0.480165783198302	TRUE	1	NA	NA	NA	1	1	
mirna.prom::chr1:198872777-198873177_1::NA::NA	0.608793962517503	1	1.60127238517791	FALSE	1	NA	NA	NA	1	1	
mirna.prom::chr1:201752003-201777525_3::NA::NA	0.790658962342786	1	1.28867764996377	FALSE	1	NA	NA	NA	1	1	
mirna.prom::chr1:206647820-206648145_1::NA::NA	0.947526064996323	1	0.935738531660492	TRUE	1	NA	NA	NA	1	1	
mirna.prom::chr1:207995084-207997448_2::NA::NA	0.872563204589205	1	3.36082723036679	FALSE	1	NA	NA	NA	1	1	
mirna.prom::chr1:209800944-209801311_1::NA::NA	0.0944909047636375	3	0.956597944412058	TRUE	1	NA	NA	NA	1	1	
mirna.prom::chr1:21323820-21343740_4::NA::NA	0.923013217808122	1	3.91901867468943	FALSE	1	NA	NA	NA	1	1	
mirna.prom::chr1:224460589-224460989_1::NA::NA	0.993343361480792	2	1.98827017859079	TRUE	1	NA	NA	NA	1	1	
mirna.prom::chr1:224616474-224622613_3::NA::NA	0.668983443861809	1	2.29909995184695	FALSE	1	NA	NA	NA	1	1	
mirna.prom::chr1:228646259-228646588_1::NA::NA	0.0414474029737716	4	1.18243366146621	TRUE	1	NA	NA	NA	1	1	
mirna.prom::chr1:235363070-235363470_1::NA::NA	0.0935792709681014	4	1.51641064609615	TRUE	1	NA	NA	NA	1	1	
mirna.prom::chr1:237628510-237628910_1::NA::NA	0.955714331246598	2	1.92266007477114	TRUE	1	NA	NA	NA	1	1	
mirna.prom::chr1:243507361-243508836_3::NA::NA	0.140864676862001	5	2.39941786931519	TRUE	1	NA	NA	NA	1	1	
mirna.prom::chr1:3028338-3039290_3::NA::NA	0.794900448049305	3	3.47017065142693	FALSE	1	NA	NA	NA	1	1	
mirna.prom::chr1:37986536-38014413_5::NA::NA	0.581910406792776	3	4.62070828047068	FALSE	1	NA	NA	NA	1	1	
mirna.prom::chr1:38504753-38530484_3::NA::NA	0.708149964879002	3	2.39962314717679	TRUE	1	NA	NA	NA	1	1	
mirna.prom::chr1:41220295-41220695_1::NA::NA	0.873250913120203	1	1.16772228489723	FALSE	1	NA	NA	NA	1	1	
mirna.prom::chr1:41220295-41224674_2::NA::NA	0.708240680119663	3	2.40040442262393	TRUE	1	NA	NA	NA	1	1	
mirna.prom::chr1:43831790-43831932_1::NA::NA	0.0766543018417601	2	0.414967554408449	TRUE	1	NA	NA	NA	1	1	
mirna.prom::chr1:43903008-43910754_4::NA::NA	0.531193291226861	2	1.24182534310024	TRUE	1	NA	NA	NA	1	1	
mirna.prom::chr1:52302556-52306207_2::NA::NA	0.928577702003829	1	1.09214963835286	FALSE	1	NA	NA	NA	1	1	
mirna.prom::chr1:55680986-55688051_2::NA::NA	0.773553672467507	2	1.62463870348999	TRUE	1	NA	NA	NA	1	1	
mirna.prom::chr1:5931381-5972011_4::NA::NA	0.747922832175058	2	4.07272967018391	FALSE	1	NA	NA	NA	1	1	
mirna.prom::chr1:60228742-60232414_2::NA::NA	0.63892377207401	1	1.54352002140322	FALSE	1	NA	NA	NA	1	1	
mirna.prom::chr1:62549031-62594413_2::NA::NA	0.882800612909125	2	2.21524491639168	FALSE	1	NA	NA	NA	1	1	
mirna.prom::chr1:67066180-67066580_1::NA::NA	0.134724135724436	4	1.70918825402518	TRUE	1	NA	NA	NA	1	1	
mirna.prom::chr1:77515645-77515904_1::NA::NA	0.243922575624314	2	0.772017631106448	TRUE	1	NA	NA	NA	1	1	
mirna.prom::chr1:86836490-86841909_3::NA::NA	0.830019497291083	1	1.2297317948913	FALSE	1	NA	NA	NA	1	1	
mirna.prom::chr1:9242804-9259068_2::NA::NA	0.670668245043923	1	2.30613356725932	FALSE	1	NA	NA	NA	1	1	
mirna.prom::chr10:100227546-100227946_1::NA::NA	0.705412805207078	2	1.51543581520279	TRUE	1	NA	NA	NA	1	1	
mirna.prom::chr10:103326294-103356036_3::NA::NA	0.62785199158789	2	3.51981112413665	FALSE	1	NA	NA	NA	1	1	
mirna.prom::chr10:103377576-103410352_5::NA::NA	0.941888801604826	1	4.21516940369192	FALSE	1	NA	NA	NA	1	1	
mirna.prom::chr10:104169047-104169435_1::NA::NA	0.791150671476916	1	1.28770862755031	FALSE	1	NA	NA	NA	1	1	
mirna.prom::chr10:106004592-106015268_2::NA::NA	0.52899259879137	1	1.89866172009818	FALSE	1	NA	NA	NA	1	1	
mirna.prom::chr10:112708221-112734857_2::NA::NA	0.95030313231329	2	1.91343031164426	TRUE	1	NA	NA	NA	1	1	
mirna.prom::chr10:114345687-114358658_3::NA::NA	0.797620650281624	1	2.85498942966513	FALSE	1	NA	NA	NA	1	1	
mirna.prom::chr10:121690618-121693026_4::NA::NA	0.0655883808137126	7	3.20605408567378	TRUE	1	NA	NA	NA	1	1	
mirna.prom::chr10:12209898-12211236_2::NA::NA	0.566040391842417	1	1.68683463195196	FALSE	1	NA	NA	NA	1	1	
mirna.prom::chr10:12611227-12611627_1::NA::NA	0.646156201347978	2	1.42031669816104	TRUE	1	NA	NA	NA	1	1	
mirna.prom::chr10:12781129-12781529_1::NA::NA	0.733488701633546	1	1.37918432666368	FALSE	1	NA	NA	NA	1	1	
mirna.prom::chr10:131645458-131649809_2::NA::NA	0.596018478448282	1	2.07697089306457	FALSE	1	NA	NA	NA	1	1	
mirna.prom::chr10:135067089-135067489_1::NA::NA	0.795047424365356	1	1.2820952908926	FALSE	1	NA	NA	NA	1	1	
mirna.prom::chr10:21786391-21789624_2::NA::NA	0.377631095399972	3	1.72559075758122	TRUE	1	NA	NA	NA	1	1	
mirna.prom::chr10:29940594-29940994_1::NA::NA	0.733598701539745	1	1.37905966385055	FALSE	1	NA	NA	NA	1	1	
mirna.prom::chr10:43447036-43447436_2::NA::NA	0.905731045489923	1	1.12257476877628	FALSE	1	NA	NA	NA	1	1	
mirna.prom::chr10:53021399-53021799_1::NA::NA	0.758307999009247	2	1.59744489779487	TRUE	1	NA	NA	NA	1	1	
mirna.prom::chr10:69172349-69172749_1::NA::NA	0.552724701796582	1	1.71494642547269	FALSE	1	NA	NA	NA	1	1	
mirna.prom::chr10:73533040-73537925_2::NA::NA	0.584817274034471	1	0.548920897464075	TRUE	1	NA	NA	NA	1	1	
mirna.prom::chr10:77311776-77313578_2::NA::NA	0.627276624101406	1	2.17012870475085	FALSE	1	NA	NA	NA	1	1	
mirna.prom::chr10:88043276-88043676_1::NA::NA	0.577392983211338	2	1.31533507967092	TRUE	1	NA	NA	NA	1	1	
mirna.prom::chr10:91352601-91352947_1::NA::NA	0.853594259722962	1	0.826978453308013	TRUE	1	NA	NA	NA	1	1	
mirna.prom::chr10:97849995-97850168_1::NA::NA	0.776881346894264	1	0.744073163239122	TRUE	1	NA	NA	NA	1	1	
mirna.prom::chr11:11815169-11815569_1::NA::NA	0.985187380907525	1	1.01863895623776	FALSE	1	NA	NA	NA	1	1	
mirna.prom::chr11:118773637-118780421_3::NA::NA	0.635421143113433	1	2.19478756082116	FALSE	1	NA	NA	NA	1	1	
mirna.prom::chr11:121970947-121971075_1::NA::NA	0.459304177991531	1	0.431068892641046	TRUE	1	NA	NA	NA	1	1	
mirna.prom::chr11:122030003-122051037_2::NA::NA	0.652250850390618	3	2.28833494750664	TRUE	1	NA	NA	NA	1	1	
mirna.prom::chr11:1273760-1273994_1::NA::NA	0.145033997785778	2	0.579473644922944	TRUE	1	NA	NA	NA	1	1	
mirna.prom::chr11:128391601-128391801_1::NA::NA	0.696493319102426	1	0.659930719371918	TRUE	1	NA	NA	NA	1	1	
mirna.prom::chr11:133788546-133789630_2::NA::NA	0.780038029084448	1	1.30436395657688	FALSE	1	NA	NA	NA	1	1	
mirna.prom::chr11:16030117-16038816_2::NA::NA	0.546008470862495	1	1.94259264450413	FALSE	1	NA	NA	NA	1	1	
mirna.prom::chr11:1929359-1929759_1::NA::NA	0.841507198019798	1	1.21289944239966	FALSE	1	NA	NA	NA	1	1	
mirna.prom::chr11:19561510-19561910_1::NA::NA	0.917757169291135	1	1.10662418348923	FALSE	1	NA	NA	NA	1	1	
mirna.prom::chr11:43556810-43578991_4::NA::NA	0.34477725894416	6	3.98392713948776	TRUE	1	NA	NA	NA	1	1	
mirna.prom::chr11:43596658-43602886_4::NA::NA	0.832500857745583	2	4.58186304878573	FALSE	1	NA	NA	NA	1	1	
mirna.prom::chr11:46367186-46397857_6::NA::NA	0.808823142137784	1	1.26132666440671	FALSE	1	NA	NA	NA	1	1	
mirna.prom::chr11:48092532-48092932_1::NA::NA	0.145425081937222	3	1.13392358635107	TRUE	1	NA	NA	NA	1	1	
mirna.prom::chr11:569218-576039_2::NA::NA	0.87951196275301	1	3.42789239787874	FALSE	1	NA	NA	NA	1	1	
mirna.prom::chr11:57405770-57407233_3::NA::NA	0.58771402110844	1	2.05368536595818	FALSE	1	NA	NA	NA	1	1	
mirna.prom::chr11:64667715-64668349_2::NA::NA	0.782285965028537	1	1.30162093772947	FALSE	1	NA	NA	NA	1	1	
mirna.prom::chr11:64681992-64701148_3::NA::NA	0.531688569981332	2	1.24228935576502	TRUE	1	NA	NA	NA	1	1	
mirna.prom::chr11:65190191-65190244_1::NA::NA	0.342604408329829	1	0.324864566761816	TRUE	1	NA	NA	NA	1	1	
mirna.prom::chr11:66710830-66711230_1::NA::NA	0.523757088013092	1	1.88817251519945	FALSE	1	NA	NA	NA	1	1	
mirna.prom::chr11:70124282-70125503_2::NA::NA	0.52787971971359	1	1.76847508143889	FALSE	1	NA	NA	NA	1	1	
mirna.prom::chr11:74109891-74110281_1::NA::NA	0.547443994937167	1	1.72346435153126	FALSE	1	NA	NA	NA	1	1	
mirna.prom::chr11:74442630-74457392_2::NA::NA	0.51468742433537	2	1.21841923139617	TRUE	1	NA	NA	NA	1	1	
mirna.prom::chr11:79114056-79114456_1::NA::NA	0.994694424218288	1	1.00665002369425	FALSE	1	NA	NA	NA	1	1	
mirna.prom::chr11:79114056-79152041_2::NA::NA	0.809895693492783	1	1.25969619411212	FALSE	1	NA	NA	NA	1	1	
mirna.prom::chr12:100535682-100536082_1::NA::NA	0.727011279803556	2	1.54781022318675	TRUE	1	NA	NA	NA	1	1	
mirna.prom::chr12:111707507-111731229_3::NA::NA	0.97921543411297	1	5.32345104220165	FALSE	1	NA	NA	NA	1	1	
mirna.prom::chr12:113599295-113601325_3::NA::NA	0.919706014954974	1	1.10396962032795	FALSE	1	NA	NA	NA	1	1	
mirna.prom::chr12:121154373-121157570_4::NA::NA	0.515230771574989	2	3.06135997967162	FALSE	1	NA	NA	NA	1	1	
mirna.prom::chr12:121884658-121885539_2::NA::NA	0.627508856304969	1	2.17068808644139	FALSE	1	NA	NA	NA	1	1	
mirna.prom::chr12:124826178-124829925_2::NA::NA	0.894357333965533	1	0.873285919853729	TRUE	1	NA	NA	NA	1	1	
mirna.prom::chr12:12873745-12879105_4::NA::NA	0.623587115925736	1	2.15552473729727	FALSE	1	NA	NA	NA	1	1	
mirna.prom::chr12:128751646-128751747_1::NA::NA	0.676747170870355	1	0.641332906168809	TRUE	1	NA	NA	NA	1	1	
mirna.prom::chr12:133148936-133149092_1::NA::NA	0.415818666095988	1	0.391030725375857	TRUE	1	NA	NA	NA	1	1	
mirna.prom::chr12:48478641-48478832_1::NA::NA	0.643678161167589	1	0.606358886064978	TRUE	1	NA	NA	NA	1	1	
mirna.prom::chr12:49165856-49166256_2::NA::NA	0.0631392684666565	3	0.817475816833499	TRUE	1	NA	NA	NA	1	1	
mirna.prom::chr12:53440952-53448561_3::NA::NA	0.568872631728285	2	3.30830185033052	FALSE	1	NA	NA	NA	1	1	
mirna.prom::chr12:54687185-54719136_3::NA::NA	0.437505018767382	3	1.85064389208195	TRUE	1	NA	NA	NA	1	1	
mirna.prom::chr12:57578241-57588116_3::NA::NA	0.438777666767233	2	1.09728412325833	TRUE	1	NA	NA	NA	1	1	
mirna.prom::chr12:57914070-57921906_4::NA::NA	0.435480162410537	3	1.84693724988383	TRUE	1	NA	NA	NA	1	1	
mirna.prom::chr12:58258970-58263376_3::NA::NA	0.309193300569808	6	3.86586842603646	TRUE	1	NA	NA	NA	1	1	
mirna.prom::chr12:66430045-66431607_2::NA::NA	0.67406050439099	1	2.32242991540638	FALSE	1	NA	NA	NA	1	1	
mirna.prom::chr12:79775422-79775822_1::NA::NA	0.793479834483556	1	1.28442612671923	FALSE	1	NA	NA	NA	1	1	
mirna.prom::chr12:81241372-81258938_2::NA::NA	0.691994235169355	1	2.38642140293399	FALSE	1	NA	NA	NA	1	1	
mirna.prom::chr12:94943312-94943598_1::NA::NA	0.969037551253734	1	1.03925677476256	FALSE	1	NA	NA	NA	1	1	
mirna.prom::chr12:95656203-95680998_3::NA::NA	0.658314245241085	3	3.82843365536527	FALSE	1	NA	NA	NA	1	1	
mirna.prom::chr12:95656203-95680998_4::NA::NA	0.529950974541477	3	4.21664102936601	FALSE	1	NA	NA	NA	1	1	
mirna.prom::chr12:97856656-97858785_2::NA::NA	0.938162524068288	2	2.11126556208896	FALSE	1	NA	NA	NA	1	1	
mirna.prom::chr12:98362783-98363183_1::NA::NA	0.16490075202059	3	1.19369554824598	TRUE	1	NA	NA	NA	1	1	
mirna.prom::chr13:102738485-102738885_1::NA::NA	0.220800933490381	3	1.35319275594443	TRUE	1	NA	NA	NA	1	1	
mirna.prom::chr13:21009720-21010120_1::NA::NA	0.323905647948152	3	1.61248583897742	TRUE	1	NA	NA	NA	1	1	
mirna.prom::chr13:53370157-53370557_1::NA::NA	0.766806058326505	1	1.32587019919752	FALSE	1	NA	NA	NA	1	1	
mirna.prom::chr13:66583190-66583590_1::NA::NA	0.438999868790114	4	2.66408129458909	TRUE	1	NA	NA	NA	1	1	
mirna.prom::chr13:97067381-97067781_1::NA::NA	0.559112691843524	2	1.28532238607218	TRUE	1	NA	NA	NA	1	1	
mirna.prom::chr13:98828450-98838899_2::NA::NA	0.610733225034967	1	1.59734884040422	FALSE	1	NA	NA	NA	1	1	
mirna.prom::chr14:101489597-101489997_2::NA::NA	0.895237951664131	1	1.13721602337392	FALSE	1	NA	NA	NA	1	1	
mirna.prom::chr14:101491248-101491648_2::NA::NA	0.113529682488055	3	1.02598973489157	TRUE	1	NA	NA	NA	1	1	
mirna.prom::chr14:101512580-101512980_2::NA::NA	0.521673626528328	2	1.22728179484859	TRUE	1	NA	NA	NA	1	1	
mirna.prom::chr14:101527099-101527499_1::NA::NA	0.786852743932452	1	1.29461565683034	FALSE	1	NA	NA	NA	1	1	
mirna.prom::chr14:102030484-102050574_3::NA::NA	0.694413968057907	2	3.80738671501444	FALSE	1	NA	NA	NA	1	1	
mirna.prom::chr14:104602369-104604365_2::NA::NA	0.516642462425881	1	1.86416338346108	FALSE	1	NA	NA	NA	1	1	
mirna.prom::chr14:23928510-23928910_1::NA::NA	0.436294566804404	2	1.09327498724282	TRUE	1	NA	NA	NA	1	1	
mirna.prom::chr14:31509192-31509592_1::NA::NA	0.29487369816449	3	1.53440009045196	TRUE	1	NA	NA	NA	1	1	
mirna.prom::chr14:60132633-60133033_1::NA::NA	0.847886471739887	2	1.74146126205072	TRUE	1	NA	NA	NA	1	1	
mirna.prom::chr14:64608247-64608581_1::NA::NA	0.904700303782108	1	0.885218253787377	TRUE	1	NA	NA	NA	1	1	
mirna.prom::chr14:65807772-65808172_1::NA::NA	0.652962216902898	2	1.4308457242741	TRUE	1	NA	NA	NA	1	1	
mirna.prom::chr15:20988412-21022515_2::NA::NA	0.183435689615201	5	2.61059143627088	TRUE	1	NA	NA	NA	1	1	
mirna.prom::chr15:26095495-26095895_1::NA::NA	0.645114477713456	1	2.22237840460051	FALSE	1	NA	NA	NA	1	1	
mirna.prom::chr15:31372636-31373036_1::NA::NA	0.511403993603138	1	1.85629028020306	FALSE	1	NA	NA	NA	1	1	
mirna.prom::chr15:35690187-35696263_3::NA::NA	0.354381163649958	5	3.2151626531941	TRUE	1	NA	NA	NA	1	1	
mirna.prom::chr15:36208719-36209119_1::NA::NA	0.744992127009891	1	1.36067196910174	FALSE	1	NA	NA	NA	1	1	
mirna.prom::chr15:37284259-37308542_7::NA::NA	0.57963309829715	8	9.64687002642025	FALSE	1	NA	NA	NA	1	1	
mirna.prom::chr15:44092996-44118960_3::NA::NA	0.703230948764848	2	1.50963918130185	TRUE	1	NA	NA	NA	1	1	
mirna.prom::chr15:51559503-51570796_2::NA::NA	0.694620100007545	2	2.601595105541	FALSE	1	NA	NA	NA	1	1	
mirna.prom::chr15:63069115-63069511_1::NA::NA	0.954180904631878	1	0.943794187470804	TRUE	1	NA	NA	NA	1	1	
mirna.prom::chr15:66016165-66025391_7::NA::NA	0.906066566500364	5	9.67300535713319	FALSE	1	NA	NA	NA	1	1	
mirna.prom::chr15:69106806-69118201_3::NA::NA	0.76392490516396	1	2.68613969029801	FALSE	1	NA	NA	NA	1	1	
mirna.prom::chr15:74734444-74734844_1::NA::NA	0.921817232753534	1	1.10116315399082	FALSE	1	NA	NA	NA	1	1	
mirna.prom::chr15:75135287-75135334_1::NA::NA	0.234180146755175	1	0.229071889415823	TRUE	1	NA	NA	NA	1	1	
mirna.prom::chr15:75654553-75654677_1::NA::NA	0.44029398667079	1	0.413214191306405	TRUE	1	NA	NA	NA	1	1	
mirna.prom::chr15:76077937-76078323_1::NA::NA	0.235480607897575	3	1.38879556255424	TRUE	1	NA	NA	NA	1	1	
mirna.prom::chr15:81292957-81293094_1::NA::NA	0.557753925842803	1	0.523385104977351	TRUE	1	NA	NA	NA	1	1	
mirna.prom::chr15:86337893-86352817_3::NA::NA	0.996430429718135	2	2.00631348215332	FALSE	1	NA	NA	NA	1	1	
mirna.prom::chr15:89900035-89910907_8::NA::NA	0.934236227468613	6	5.80217334330334	TRUE	1	NA	NA	NA	1	1	
mirna.prom::chr15:89901885-89915707_9::NA::NA	0.862157564758208	3	6.31538443862828	FALSE	1	NA	NA	NA	1	1	
mirna.prom::chr16:112281-112529_1::NA::NA	0.780777350419343	1	0.747253910803959	TRUE	1	NA	NA	NA	1	1	
mirna.prom::chr16:15234231-15248706_3::NA::NA	0.546779172438972	1	1.94207165770313	FALSE	1	NA	NA	NA	1	1	
mirna.prom::chr16:15693628-15730925_2::NA::NA	0.802127584286065	1	2.88326526154135	FALSE	1	NA	NA	NA	1	1	
mirna.prom::chr16:15710048-15714916_4::NA::NA	0.662609026908883	1	2.28250079723071	FALSE	1	NA	NA	NA	1	1	
mirna.prom::chr16:1779819-1781967_2::NA::NA	0.670503600608179	2	2.66035169953781	FALSE	1	NA	NA	NA	1	1	
mirna.prom::chr16:2140840-2145602_4::NA::NA	0.864840612099853	1	0.839587915896922	TRUE	1	NA	NA	NA	1	1	
mirna.prom::chr16:21531765-21532014_1::NA::NA	0.219384699289342	3	1.35297733990328	TRUE	1	NA	NA	NA	1	1	
mirna.prom::chr16:2182927-2183327_2::NA::NA	0.254200947438962	2	0.791096203024035	TRUE	1	NA	NA	NA	1	1	
mirna.prom::chr16:2205359-2232522_8::NA::NA	0.713011784434762	4	3.31228950877694	TRUE	1	NA	NA	NA	1	1	
mirna.prom::chr16:24192255-24192539_1::NA::NA	0.349640143557267	2	0.953047307415036	TRUE	1	NA	NA	NA	1	1	
mirna.prom::chr16:2582040-2582440_1::NA::NA	0.425383158391205	2	1.07900125026216	TRUE	1	NA	NA	NA	1	1	
mirna.prom::chr16:28857447-28857529_1::NA::NA	0.306349837328333	1	0.292362807115047	TRUE	1	NA	NA	NA	1	1	
mirna.prom::chr16:3542461-3551343_4::NA::NA	0.408018638008485	6	4.20719708088951	TRUE	1	NA	NA	NA	1	1	
mirna.prom::chr16:4714782-4715017_1::NA::NA	0.777457625702125	1	0.743721901759766	TRUE	1	NA	NA	NA	1	1	
mirna.prom::chr16:76880316-76880716_1::NA::NA	0.647921550425376	1	2.23217049837257	FALSE	1	NA	NA	NA	1	1	
mirna.prom::chr16:81386347-81390857_2::NA::NA	0.508935582306517	1	1.85219650579413	FALSE	1	NA	NA	NA	1	1	
mirna.prom::chr16:81565728-81566128_1::NA::NA	0.655378299427178	2	1.43499413186084	TRUE	1	NA	NA	NA	1	1	
mirna.prom::chr16:81635556-81635956_1::NA::NA	0.519155126802417	2	1.22316516370722	TRUE	1	NA	NA	NA	1	1	
mirna.prom::chr16:87873077-87903548_3::NA::NA	0.795320191383004	2	2.38806358140245	FALSE	1	NA	NA	NA	1	1	
mirna.prom::chr16:88511553-88534409_3::NA::NA	0.783861560561276	1	2.78208400027164	FALSE	1	NA	NA	NA	1	1	
mirna.prom::chr16:88782911-88818393_7::NA::NA	0.465514734490369	3	1.90974147144941	TRUE	1	NA	NA	NA	1	1	
mirna.prom::chr17:13460059-13493119_2::NA::NA	0.683975241640807	4	3.2427919265651	TRUE	1	NA	NA	NA	1	1	
mirna.prom::chr17:15164098-15164319_1::NA::NA	0.890068538055181	1	1.14280406798163	FALSE	1	NA	NA	NA	1	1	
mirna.prom::chr17:16149013-16184993_3::NA::NA	0.337509932228434	7	4.77024023640446	TRUE	1	NA	NA	NA	1	1	
mirna.prom::chr17:2652745-2658915_2::NA::NA	0.922467935304686	1	3.89459216797296	FALSE	1	NA	NA	NA	1	1	
mirna.prom::chr17:27717171-27717281_1::NA::NA	0.69920773417099	1	0.662802279560214	TRUE	1	NA	NA	NA	1	1	
mirna.prom::chr17:28435874-28436274_1::NA::NA	0.616969020377585	2	1.37482480833446	TRUE	1	NA	NA	NA	1	1	
mirna.prom::chr17:29813550-29813950_1::NA::NA	0.639722939540438	2	1.41028486977487	TRUE	1	NA	NA	NA	1	1	
mirna.prom::chr17:35349957-35378212_3::NA::NA	0.843131463568428	3	2.67150341545573	TRUE	1	NA	NA	NA	1	1	
mirna.prom::chr17:37023701-37024101_2::NA::NA	0.627186220618076	1	1.56616454702717	FALSE	1	NA	NA	NA	1	1	
mirna.prom::chr17:38183402-38188289_2::NA::NA	0.844342273311594	2	1.73589390720277	TRUE	1	NA	NA	NA	1	1	
mirna.prom::chr17:38275654-38317985_2::NA::NA	0.891867107973223	2	1.81415858563052	TRUE	1	NA	NA	NA	1	1	
mirna.prom::chr17:40636409-40639595_3::NA::NA	0.85205500155772	1	3.20498938249538	FALSE	1	NA	NA	NA	1	1	
mirna.prom::chr17:40660152-40661204_2::NA::NA	0.863481316717145	1	3.29117484226957	FALSE	1	NA	NA	NA	1	1	
mirna.prom::chr17:40901014-40905931_2::NA::NA	0.641299025730645	3	2.26579169244955	TRUE	1	NA	NA	NA	1	1	
mirna.prom::chr17:43197864-43239011_4::NA::NA	0.871470795583402	1	3.36114220479535	FALSE	1	NA	NA	NA	1	1	
mirna.prom::chr17:43568310-43568317_1::NA::NA	0.0266928455957367	1	0.0332356175287792	TRUE	1	NA	NA	NA	1	1	
mirna.prom::chr17:46240801-46241201_1::NA::NA	0.542702823077613	2	1.25948875039285	TRUE	1	NA	NA	NA	1	1	
mirna.prom::chr17:46710818-46716930_3::NA::NA	0.516083374449355	3	2.01496733169828	TRUE	1	NA	NA	NA	1	1	
mirna.prom::chr17:46710818-46716930_4::NA::NA	0.986182671008986	3	3.02993777903954	FALSE	1	NA	NA	NA	1	1	
mirna.prom::chr17:46804425-46828937_2::NA::NA	0.629703418512035	1	2.17823642646039	FALSE	1	NA	NA	NA	1	1	
mirna.prom::chr17:4875955-4900705_3::NA::NA	0.803685634558274	1	0.771838042931326	TRUE	1	NA	NA	NA	1	1	
mirna.prom::chr17:56409869-56410072_1::NA::NA	0.809446565187121	1	0.778667689486326	TRUE	1	NA	NA	NA	1	1	
mirna.prom::chr17:56409869-56415676_2::NA::NA	0.545603567883834	1	1.93965367770292	FALSE	1	NA	NA	NA	1	1	
mirna.prom::chr17:57242474-57248279_2::NA::NA	0.338154369417252	5	3.15986390906427	TRUE	1	NA	NA	NA	1	1	
mirna.prom::chr17:58144148-58155893_2::NA::NA	0.390592330209321	3	1.75537774683433	TRUE	1	NA	NA	NA	1	1	
mirna.prom::chr17:61000113-61000513_1::NA::NA	0.91192670636402	2	1.84800083339283	TRUE	1	NA	NA	NA	1	1	
mirna.prom::chr17:62833272-62833670_1::NA::NA	0.632761522481157	1	1.55331007676999	FALSE	1	NA	NA	NA	1	1	
mirna.prom::chr17:64781582-64781982_1::NA::NA	0.651582991029987	2	1.42903450938036	TRUE	1	NA	NA	NA	1	1	
mirna.prom::chr17:65420661-65421061_1::NA::NA	0.508828683115467	1	1.81104263437041	FALSE	1	NA	NA	NA	1	1	
mirna.prom::chr17:6558010-6558410_2::NA::NA	0.281284234578485	2	0.839466638948716	TRUE	1	NA	NA	NA	1	1	
mirna.prom::chr17:6571874-6572274_1::NA::NA	0.917160114054832	1	1.10741631480422	FALSE	1	NA	NA	NA	1	1	
mirna.prom::chr17:72736411-72744590_2::NA::NA	0.783079922161865	2	1.63634768607203	TRUE	1	NA	NA	NA	1	1	
mirna.prom::chr17:74735606-74740806_2::NA::NA	0.978994125160388	2	2.03736187615065	FALSE	1	NA	NA	NA	1	1	
mirna.prom::chr17:78024669-78052067_4::NA::NA	0.136013869629192	7	3.77585324355509	TRUE	1	NA	NA	NA	1	1	
mirna.prom::chr17:79111255-79111655_1::NA::NA	0.902510287903486	1	1.12710702667982	FALSE	1	NA	NA	NA	1	1	
mirna.prom::chr17:79427437-79448831_4::NA::NA	0.670559946886922	1	2.30893983183395	FALSE	1	NA	NA	NA	1	1	
mirna.prom::chr17:8081750-8082150_1::NA::NA	0.384768572248058	3	1.73780347886989	TRUE	1	NA	NA	NA	1	1	
mirna.prom::chr17:927253-927653_1::NA::NA	0.0459005428937234	4	1.21680982017187	TRUE	1	NA	NA	NA	1	1	
mirna.prom::chr18:11655704-11670321_2::NA::NA	0.727091418100355	3	2.43697294433936	TRUE	1	NA	NA	NA	1	1	
mirna.prom::chr18:13453498-13453898_1::NA::NA	0.45157868927912	2	1.11749487619609	TRUE	1	NA	NA	NA	1	1	
mirna.prom::chr18:33161903-33162458_2::NA::NA	0.668498604521077	1	1.4885333542166	FALSE	1	NA	NA	NA	1	1	
mirna.prom::chr18:37208636-37209036_1::NA::NA	0.468975232989716	2	1.14462613241555	TRUE	1	NA	NA	NA	1	1	
mirna.prom::chr18:37208909-37209309_1::NA::NA	0.474387760873608	2	1.15300493893339	TRUE	1	NA	NA	NA	1	1	
mirna.prom::chr18:37272043-37292329_4::NA::NA	0.114236584699924	9	5.08171972208219	TRUE	1	NA	NA	NA	1	1	
mirna.prom::chr18:42577818-42578218_1::NA::NA	0.758622405567589	1	1.33876764690632	FALSE	1	NA	NA	NA	1	1	
mirna.prom::chr18:46605986-46621051_2::NA::NA	0.699978488169966	3	2.38490441799411	TRUE	1	NA	NA	NA	1	1	
mirna.prom::chr18:47013190-47013401_1::NA::NA	0.950987036392438	1	0.939987660163235	TRUE	1	NA	NA	NA	1	1	
mirna.prom::chr18:56126007-56126407_1::NA::NA	0.904764554063436	1	1.12414937122056	FALSE	1	NA	NA	NA	1	1	
mirna.prom::chr19:10843155-10879044_2::NA::NA	0.749599769816701	3	3.5852505814125	FALSE	1	NA	NA	NA	1	1	
mirna.prom::chr19:10906881-10911540_3::NA::NA	0.755117355175466	2	4.11152667600946	FALSE	1	NA	NA	NA	1	1	
mirna.prom::chr19:10925900-10928671_2::NA::NA	0.550580019816174	2	3.2626096742126	FALSE	1	NA	NA	NA	1	1	
mirna.prom::chr19:10928271-10932800_4::NA::NA	0.632806198383371	3	4.8329854266219	FALSE	1	NA	NA	NA	1	1	
mirna.prom::chr19:12888430-12895152_3::NA::NA	0.708570151201368	5	5.87517533955269	FALSE	1	NA	NA	NA	1	1	
mirna.prom::chr19:13976535-13984307_2::NA::NA	0.723248223878814	2	3.93949830760002	FALSE	1	NA	NA	NA	1	1	
mirna.prom::chr19:15530152-15560219_3::NA::NA	0.61173186068272	1	2.12401412583574	FALSE	1	NA	NA	NA	1	1	
mirna.prom::chr19:2222901-2237025_3::NA::NA	0.670928325985096	3	2.32562460562762	TRUE	1	NA	NA	NA	1	1	
mirna.prom::chr19:2623827-2624227_1::NA::NA	0.582408853960557	1	1.65352984680197	FALSE	1	NA	NA	NA	1	1	
mirna.prom::chr19:35786890-35800708_3::NA::NA	0.757965278768765	1	2.65674842886402	FALSE	1	NA	NA	NA	1	1	
mirna.prom::chr19:42639069-42681636_2::NA::NA	0.605420536699861	2	3.44526093894251	FALSE	1	NA	NA	NA	1	1	
mirna.prom::chr19:42847605-42851816_4::NA::NA	0.526363759863268	3	2.035005687532	TRUE	1	NA	NA	NA	1	1	
mirna.prom::chr19:45894977-45932220_4::NA::NA	0.562969291473641	2	2.92893542706096	FALSE	1	NA	NA	NA	1	1	
mirna.prom::chr19:46172478-46174177_3::NA::NA	0.973614666085661	2	2.04698360480208	FALSE	1	NA	NA	NA	1	1	
mirna.prom::chr19:47729332-47729732_2::NA::NA	0.626527472852564	1	1.56466523961782	FALSE	1	NA	NA	NA	1	1	
mirna.prom::chr19:50281635-50285767_2::NA::NA	0.964512528502194	3	3.07743184034528	FALSE	1	NA	NA	NA	1	1	
mirna.prom::chr19:51755603-51756003_1::NA::NA	0.240724800622178	3	1.40186530317665	TRUE	1	NA	NA	NA	1	1	
mirna.prom::chr19:52715237-52717966_4::NA::NA	0.983326808553604	5	5.04654684365528	FALSE	1	NA	NA	NA	1	1	
mirna.prom::chr19:54190243-54190643_1::NA::NA	0.699592781085877	3	2.38188132428151	TRUE	1	NA	NA	NA	1	1	
mirna.prom::chr19:54196036-54196436_1::NA::NA	0.696566864444347	1	2.40507210527484	FALSE	1	NA	NA	NA	1	1	
mirna.prom::chr19:54222551-54222951_1::NA::NA	0.892130839642079	2	2.19752738724905	FALSE	1	NA	NA	NA	1	1	
mirna.prom::chr19:54224289-54224689_2::NA::NA	0.439639607258466	3	1.85510249663783	TRUE	1	NA	NA	NA	1	1	
mirna.prom::chr19:54291423-54291651_1::NA::NA	0.933587849546798	2	1.88479755073518	TRUE	1	NA	NA	NA	1	1	
mirna.prom::chr19:55109753-55128411_2::NA::NA	0.774278951168372	1	2.7379091957518	FALSE	1	NA	NA	NA	1	1	
mirna.prom::chr19:55667849-55674197_4::NA::NA	0.138955969468849	4	1.72709524584106	TRUE	1	NA	NA	NA	1	1	
mirna.prom::chr19:55753039-55753439_1::NA::NA	0.526989065502686	2	1.23531729431703	TRUE	1	NA	NA	NA	1	1	
mirna.prom::chr19:55757955-55758238_1::NA::NA	0.33432159327906	2	0.927988306885303	TRUE	1	NA	NA	NA	1	1	
mirna.prom::chr19:6738588-6750282_8::NA::NA	0.785415995705868	3	5.67328496900925	FALSE	1	NA	NA	NA	1	1	
mirna.prom::chr2:128181194-128181515_1::NA::NA	0.372426819912543	2	0.991678035090693	TRUE	1	NA	NA	NA	1	1	
mirna.prom::chr2:134877300-134877552_1::NA::NA	0.351439606359951	2	0.959919147281256	TRUE	1	NA	NA	NA	1	1	
mirna.prom::chr2:136373985-136399048_3::NA::NA	0.906471356838223	2	1.83887455943053	TRUE	1	NA	NA	NA	1	1	
mirna.prom::chr2:161264600-161264618_1::NA::NA	0.0517183466258916	1	0.0596625460883663	TRUE	1	NA	NA	NA	1	1	
mirna.prom::chr2:177496330-177503049_2::NA::NA	0.911131151394301	2	1.84728000590442	TRUE	1	NA	NA	NA	1	1	
mirna.prom::chr2:185195710-185196110_1::NA::NA	0.875121487804556	2	2.22970792863559	FALSE	1	NA	NA	NA	1	1	
mirna.prom::chr2:189839300-189844168_2::NA::NA	0.453642697891829	1	0.425355019789156	TRUE	1	NA	NA	NA	1	1	
mirna.prom::chr2:19547671-19548071_1::NA::NA	0.785772051873656	1	1.29426610048372	FALSE	1	NA	NA	NA	1	1	
mirna.prom::chr2:207679208-207679608_1::NA::NA	0.393368095401459	2	1.02461153278618	TRUE	1	NA	NA	NA	1	1	
mirna.prom::chr2:207978344-208002754_5::NA::NA	0.888648238310417	2	5.13951533078417	FALSE	1	NA	NA	NA	1	1	
mirna.prom::chr2:208029074-208031123_2::NA::NA	0.498661666062028	2	1.19232175774434	TRUE	1	NA	NA	NA	1	1	
mirna.prom::chr2:214593458-214593858_1::NA::NA	0.212237028113201	3	1.32830617503216	TRUE	1	NA	NA	NA	1	1	
mirna.prom::chr2:219263260-219263425_1::NA::NA	0.335788836540776	2	0.934434956708763	TRUE	1	NA	NA	NA	1	1	
mirna.prom::chr2:219867329-219867567_1::NA::NA	0.745235716880338	1	0.709963880697115	TRUE	1	NA	NA	NA	1	1	
mirna.prom::chr2:219925434-219925834_1::NA::NA	0.558177328639211	1	1.69337467650155	FALSE	1	NA	NA	NA	1	1	
mirna.prom::chr2:220159434-220159690_1::NA::NA	0.448463195356624	2	1.1148002715812	TRUE	1	NA	NA	NA	1	1	
mirna.prom::chr2:238374311-238396119_3::NA::NA	0.264006236362538	4	2.16803190905903	TRUE	1	NA	NA	NA	1	1	
mirna.prom::chr2:240904417-240906048_2::NA::NA	0.942726395699825	2	2.10281768625337	FALSE	1	NA	NA	NA	1	1	
mirna.prom::chr2:25564954-25599935_2::NA::NA	0.991355008191138	2	2.0152663943118	FALSE	1	NA	NA	NA	1	1	
mirna.prom::chr2:32727720-32746136_4::NA::NA	0.768321737028906	2	2.44442754004565	FALSE	1	NA	NA	NA	1	1	
mirna.prom::chr2:32851852-32856717_2::NA::NA	0.847621537256014	1	3.17297232921317	FALSE	1	NA	NA	NA	1	1	
mirna.prom::chr2:54084327-54084727_1::NA::NA	0.544722400901234	1	1.7316130532237	FALSE	1	NA	NA	NA	1	1	
mirna.prom::chr2:56226851-56227251_1::NA::NA	0.556857269403067	2	1.28155117586046	TRUE	1	NA	NA	NA	1	1	
mirna.prom::chr2:56241249-56276395_2::NA::NA	0.859715783766363	1	3.26541607857634	FALSE	1	NA	NA	NA	1	1	
mirna.prom::chr2:60637873-60650558_2::NA::NA	0.404017832015933	4	2.56023016081181	TRUE	1	NA	NA	NA	1	1	
mirna.prom::chr2:6072706-6087084_3::NA::NA	0.891420258977492	1	3.5446465737185	FALSE	1	NA	NA	NA	1	1	
mirna.prom::chr2:79888807-79891894_2::NA::NA	0.913656140618626	1	3.79882516643532	FALSE	1	NA	NA	NA	1	1	
mirna.prom::chr2:89064852-89092080_3::NA::NA	0.617587896826585	6	4.87845988571602	TRUE	1	NA	NA	NA	1	1	
mirna.prom::chr20:32589794-32612083_2::NA::NA	0.591604494005899	2	2.85416737918872	FALSE	1	NA	NA	NA	1	1	
mirna.prom::chr20:33052242-33052642_1::NA::NA	0.965113017061827	2	2.06229238934724	FALSE	1	NA	NA	NA	1	1	
mirna.prom::chr20:33543820-33567849_4::NA::NA	0.527202156285023	1	1.89634833218466	FALSE	1	NA	NA	NA	1	1	
mirna.prom::chr20:34042365-34056825_3::NA::NA	0.547934759845615	1	0.513355720657556	TRUE	1	NA	NA	NA	1	1	
mirna.prom::chr20:37141910-37142310_1::NA::NA	0.662537371950474	2	1.44658060928287	TRUE	1	NA	NA	NA	1	1	
mirna.prom::chr20:3891534-3896734_3::NA::NA	0.922002236144928	1	3.90504999148891	FALSE	1	NA	NA	NA	1	1	
mirna.prom::chr20:3922090-3936148_2::NA::NA	0.979345759457155	3	2.95554749206908	TRUE	1	NA	NA	NA	1	1	
mirna.prom::chr20:43029706-43036333_3::NA::NA	0.859356292452726	1	1.18751557747157	FALSE	1	NA	NA	NA	1	1	
mirna.prom::chr20:45746563-45754510_2::NA::NA	0.743822616165696	2	2.49655822605385	FALSE	1	NA	NA	NA	1	1	
mirna.prom::chr20:49195872-49201971_5::NA::NA	0.721394644849391	2	3.93374143184163	FALSE	1	NA	NA	NA	1	1	
mirna.prom::chr20:57425958-57426129_1::NA::NA	0.622250756659735	1	0.585246104476859	TRUE	1	NA	NA	NA	1	1	
mirna.prom::chr20:59019795-59020195_1::NA::NA	0.755243752163931	2	1.59177421281202	TRUE	1	NA	NA	NA	1	1	
mirna.prom::chr20:60554377-60571570_5::NA::NA	0.96000050853935	1	4.61628352058185	FALSE	1	NA	NA	NA	1	1	
mirna.prom::chr20:61154347-61154747_1::NA::NA	0.576306441371606	2	1.31322134093792	TRUE	1	NA	NA	NA	1	1	
mirna.prom::chr20:61808744-61809102_1::NA::NA	0.58422080413322	1	2.0367012408297	FALSE	1	NA	NA	NA	1	1	
mirna.prom::chr20:62541012-62550737_2::NA::NA	0.595292734345532	2	2.84464371624247	FALSE	1	NA	NA	NA	1	1	
mirna.prom::chr21:15038870-15039079_1::NA::NA	0.675019197939091	1	0.63769894880006	TRUE	1	NA	NA	NA	1	1	
mirna.prom::chr21:17918629-17961474_3::NA::NA	0.119634734074662	8	4.38066109531144	TRUE	1	NA	NA	NA	1	1	
mirna.prom::chr21:17918629-17965844_5::NA::NA	0.304026856696583	10	7.11047173856067	TRUE	1	NA	NA	NA	1	1	
mirna.prom::chr21:44394950-44395011_1::NA::NA	0.335272450920182	1	0.319057607709717	TRUE	1	NA	NA	NA	1	1	
mirna.prom::chr21:46889741-46898179_2::NA::NA	0.543815594925514	1	1.9370783735978	FALSE	1	NA	NA	NA	1	1	
mirna.prom::chr22:18484146-18484432_2::NA::NA	0.720756273788147	1	0.684560438277691	TRUE	1	NA	NA	NA	1	1	
mirna.prom::chr22:20255554-20286812_2::NA::NA	0.501115630880646	1	1.83061773825523	FALSE	1	NA	NA	NA	1	1	
mirna.prom::chr22:21398644-21424069_2::NA::NA	0.620246490646787	3	2.22385362538341	TRUE	1	NA	NA	NA	1	1	
mirna.prom::chr22:23122828-23123228_1::NA::NA	0.148006926867092	4	1.7712562841294	TRUE	1	NA	NA	NA	1	1	
mirna.prom::chr22:31103373-31103773_1::NA::NA	0.567048265435619	1	1.99795781598063	FALSE	1	NA	NA	NA	1	1	
mirna.prom::chr22:31588190-31588590_1::NA::NA	0.725665425392509	1	1.39228236229575	FALSE	1	NA	NA	NA	1	1	
mirna.prom::chr22:31588190-31589286_2::NA::NA	0.601286903115399	1	2.09291515979337	FALSE	1	NA	NA	NA	1	1	
mirna.prom::chr22:36680592-36722606_20::NA::NA	0.584027831082474	16	18.242835852458	FALSE	1	NA	NA	NA	1	1	
mirna.prom::chr22:38314740-38315607_2::NA::NA	0.625894803704702	1	2.1661322731951	FALSE	1	NA	NA	NA	1	1	
mirna.prom::chr22:42322355-42322622_1::NA::NA	0.434526573327428	2	1.09241478421306	TRUE	1	NA	NA	NA	1	1	
mirna.prom::chr22:45613192-45636963_3::NA::NA	0.511298641539508	4	2.83123628902088	TRUE	1	NA	NA	NA	1	1	
mirna.prom::chr22:46465771-46503543_3::NA::NA	0.155217543010927	7	3.90829792126472	TRUE	1	NA	NA	NA	1	1	
mirna.prom::chr22:49127847-49141900_2::NA::NA	0.723537696598577	3	3.65224175066225	FALSE	1	NA	NA	NA	1	1	
mirna.prom::chr3:10458979-10459379_1::NA::NA	0.0546878634174803	4	1.282262403489	TRUE	1	NA	NA	NA	1	1	
mirna.prom::chr3:120734619-120735019_1::NA::NA	0.676323658850799	1	2.3319124542813	FALSE	1	NA	NA	NA	1	1	
mirna.prom::chr3:127292727-127294944_4::NA::NA	0.152702958289755	3	1.15743126215824	TRUE	1	NA	NA	NA	1	1	
mirna.prom::chr3:134154573-134154973_1::NA::NA	0.0627285036933667	4	1.33747449634014	TRUE	1	NA	NA	NA	1	1	
mirna.prom::chr3:15782978-15784424_2::NA::NA	0.800080716930572	1	2.85405029363154	FALSE	1	NA	NA	NA	1	1	
mirna.prom::chr3:183947177-183947577_1::NA::NA	0.929784125693569	2	1.87889960321414	TRUE	1	NA	NA	NA	1	1	
mirna.prom::chr3:184973223-184973623_1::NA::NA	0.772462753960515	1	1.3167298237552	FALSE	1	NA	NA	NA	1	1	
mirna.prom::chr3:188386601-188387001_1::NA::NA	0.657045961306158	1	1.51081854674918	FALSE	1	NA	NA	NA	1	1	
mirna.prom::chr3:189507247-189515487_2::NA::NA	0.260389654839536	3	1.4513149185448	TRUE	1	NA	NA	NA	1	1	
mirna.prom::chr3:189507247-189515938_3::NA::NA	0.685735235932196	3	2.35486702403259	TRUE	1	NA	NA	NA	1	1	
mirna.prom::chr3:194876578-194876978_1::NA::NA	0.397313323480672	2	1.0310388345796	TRUE	1	NA	NA	NA	1	1	
mirna.prom::chr3:195613245-195613645_1::NA::NA	0.534832895563673	2	1.2475752474075	TRUE	1	NA	NA	NA	1	1	
mirna.prom::chr3:197402087-197422730_5::NA::NA	0.726022169973982	4	6.59067104661392	FALSE	1	NA	NA	NA	1	1	
mirna.prom::chr3:20176329-20176729_1::NA::NA	0.825766557273433	1	1.23605012245539	FALSE	1	NA	NA	NA	1	1	
mirna.prom::chr3:37989987-37990387_1::NA::NA	0.498463803710924	2	1.19114883750569	TRUE	1	NA	NA	NA	1	1	
mirna.prom::chr3:44106647-44107047_1::NA::NA	0.448604666067394	2	1.11279393682406	TRUE	1	NA	NA	NA	1	1	
mirna.prom::chr3:47889882-47891792_3::NA::NA	0.871172355170585	1	0.846690141537727	TRUE	1	NA	NA	NA	1	1	
mirna.prom::chr3:48221666-48230417_8::NA::NA	0.570677182049116	3	4.08605570995952	FALSE	1	NA	NA	NA	1	1	
mirna.prom::chr3:49301316-49301716_1::NA::NA	0.425831431414596	3	1.8266902134477	TRUE	1	NA	NA	NA	1	1	
mirna.prom::chr3:50264631-50264711_1::NA::NA	0.294269324361156	1	0.282225767665563	TRUE	1	NA	NA	NA	1	1	
mirna.prom::chr3:50302335-50310404_5::NA::NA	0.84895759079497	2	1.74345372182949	TRUE	1	NA	NA	NA	1	1	
mirna.prom::chr3:71592908-71632704_3::NA::NA	0.899862335296097	1	1.1307935807111	FALSE	1	NA	NA	NA	1	1	
mirna.prom::chr3:75263421-75263781_2::NA::NA	0.947402850128257	1	1.06697717363708	FALSE	1	NA	NA	NA	1	1	
mirna.prom::chr3:75639800-75658951_2::NA::NA	0.993331185981083	1	6.5361439752723	FALSE	1	NA	NA	NA	1	1	
mirna.prom::chr3:79551315-79551715_1::NA::NA	0.839199930370701	3	2.67183174253863	TRUE	1	NA	NA	NA	1	1	
mirna.prom::chr3:85407776-85428846_2::NA::NA	0.112765029212919	7	3.60929508400252	TRUE	1	NA	NA	NA	1	1	
mirna.prom::chr3:99691200-99691600_1::NA::NA	0.775014875877619	1	1.31278276174521	FALSE	1	NA	NA	NA	1	1	
mirna.prom::chr4:113569775-113573759_3::NA::NA	0.907498475865002	2	1.84063261770453	TRUE	1	NA	NA	NA	1	1	
mirna.prom::chr4:115560847-115561247_1::NA::NA	0.882195760981248	1	1.15524939048656	FALSE	1	NA	NA	NA	1	1	
mirna.prom::chr4:117219007-117219407_1::NA::NA	0.718163964891596	2	2.55284876685414	FALSE	1	NA	NA	NA	1	1	
mirna.prom::chr4:126402899-126403226_1::NA::NA	0.464469000812994	2	1.13724597896092	TRUE	1	NA	NA	NA	1	1	
mirna.prom::chr4:147299800-147300200_1::NA::NA	0.412729067037819	2	1.05573623762065	TRUE	1	NA	NA	NA	1	1	
mirna.prom::chr4:148275509-148275909_1::NA::NA	0.800606364204732	1	1.27366596977696	FALSE	1	NA	NA	NA	1	1	
mirna.prom::chr4:160024097-160024497_1::NA::NA	0.623227403099264	3	2.24076407883742	TRUE	1	NA	NA	NA	1	1	
mirna.prom::chr4:160051935-160052335_1::NA::NA	0.239940866523718	3	1.40150397474237	TRUE	1	NA	NA	NA	1	1	
mirna.prom::chr4:1985873-1988548_2::NA::NA	0.61979544532023	1	2.14495116779522	FALSE	1	NA	NA	NA	1	1	
mirna.prom::chr4:20482274-20520919_4::NA::NA	0.619109197569121	3	4.77611348828621	FALSE	1	NA	NA	NA	1	1	
mirna.prom::chr4:2263625-2278063_2::NA::NA	0.786728130188398	1	1.29453334596825	FALSE	1	NA	NA	NA	1	1	
mirna.prom::chr4:24528762-24568956_3::NA::NA	0.592558433992582	3	2.16836940456192	TRUE	1	NA	NA	NA	1	1	
mirna.prom::chr4:39405766-39406166_1::NA::NA	0.330344984899308	3	1.6169211360844	TRUE	1	NA	NA	NA	1	1	
mirna.prom::chr4:53578433-53578833_2::NA::NA	0.820071256336689	1	1.24256588245284	FALSE	1	NA	NA	NA	1	1	
mirna.prom::chr4:7454395-7454795_1::NA::NA	0.876314261268914	1	1.16337352820021	FALSE	1	NA	NA	NA	1	1	
mirna.prom::chr4:8033963-8046728_2::NA::NA	0.222032606325184	5	2.75298119816701	TRUE	1	NA	NA	NA	1	1	
mirna.prom::chr4:87510689-87511089_1::NA::NA	0.364335812098105	3	1.69589892335888	TRUE	1	NA	NA	NA	1	1	
mirna.prom::chr5:100185112-100185512_1::NA::NA	0.709641727968079	2	2.56664728303237	FALSE	1	NA	NA	NA	1	1	
mirna.prom::chr5:10431658-10467227_2::NA::NA	0.789723167964236	2	2.39999364114865	FALSE	1	NA	NA	NA	1	1	
mirna.prom::chr5:150911733-150911903_1::NA::NA	0.373391779246371	1	0.352675422406623	TRUE	1	NA	NA	NA	1	1	
mirna.prom::chr5:153990010-153991457_2::NA::NA	0.320721518327222	3	1.59555723386685	TRUE	1	NA	NA	NA	1	1	
mirna.prom::chr5:15927759-15927978_1::NA::NA	0.135676862808393	3	1.10138977295756	TRUE	1	NA	NA	NA	1	1	
mirna.prom::chr5:159866262-159895120_2::NA::NA	0.843163533080582	1	3.13510244652007	FALSE	1	NA	NA	NA	1	1	
mirna.prom::chr5:159866262-159901154_3::NA::NA	0.952304821179788	1	4.42904457625348	FALSE	1	NA	NA	NA	1	1	
mirna.prom::chr5:168199969-168223724_3::NA::NA	0.642669498955938	1	2.21711497903368	FALSE	1	NA	NA	NA	1	1	
mirna.prom::chr5:170814319-170848229_3::NA::NA	0.635421832536213	5	4.0201756950281	TRUE	1	NA	NA	NA	1	1	
mirna.prom::chr5:172068468-172068474_1::NA::NA	0.0343878697265015	1	0.0419702309315062	TRUE	1	NA	NA	NA	1	1	
mirna.prom::chr5:1729055-1746907_2::NA::NA	0.626514232055061	3	3.91566213962373	FALSE	1	NA	NA	NA	1	1	
mirna.prom::chr5:174147645-174178692_3::NA::NA	0.791293803032939	5	4.43695951626222	TRUE	1	NA	NA	NA	1	1	
mirna.prom::chr5:179448265-179472125_2::NA::NA	0.498415819270955	3	1.97840190181896	TRUE	1	NA	NA	NA	1	1	
mirna.prom::chr5:180479839-180480048_1::NA::NA	0.393322083798568	2	1.03354950230333	TRUE	1	NA	NA	NA	1	1	
mirna.prom::chr5:38597080-38601912_2::NA::NA	0.993950444363066	2	1.98933063498834	TRUE	1	NA	NA	NA	1	1	
mirna.prom::chr5:53248135-53248535_1::NA::NA	0.941436676343589	1	0.928487167230304	TRUE	1	NA	NA	NA	1	1	
mirna.prom::chr5:53380147-53394870_3::NA::NA	0.735310075694639	4	3.36520451766887	TRUE	1	NA	NA	NA	1	1	
mirna.prom::chr5:54828066-54828466_1::NA::NA	0.689713459937708	1	1.45292277537521	FALSE	1	NA	NA	NA	1	1	
mirna.prom::chr5:8457885-8458037_1::NA::NA	0.49160545135479	2	1.18646335787684	TRUE	1	NA	NA	NA	1	1	
mirna.prom::chr5:87969157-87970571_2::NA::NA	0.182161278042978	5	2.60257618278272	TRUE	1	NA	NA	NA	1	1	
mirna.prom::chr5:89317231-89317631_1::NA::NA	0.959438362901686	2	1.92909814733788	TRUE	1	NA	NA	NA	1	1	
mirna.prom::chr6:135300426-135300807_2::NA::NA	0.228187188835632	2	0.743593824685828	TRUE	1	NA	NA	NA	1	1	
mirna.prom::chr6:138787858-138788258_1::NA::NA	0.390030620413815	2	1.01944745444752	TRUE	1	NA	NA	NA	1	1	
mirna.prom::chr6:1395832-1396065_1::NA::NA	0.729947387001601	1	0.693726097442575	TRUE	1	NA	NA	NA	1	1	
mirna.prom::chr6:157100766-157101056_2::NA::NA	0.842190715622353	1	0.815117894292263	TRUE	1	NA	NA	NA	1	1	
mirna.prom::chr6:157924719-157925119_1::NA::NA	0.459143305788032	2	1.12928585334348	TRUE	1	NA	NA	NA	1	1	
mirna.prom::chr6:159028577-159029344_2::NA::NA	0.990288918277895	1	1.01219360440509	FALSE	1	NA	NA	NA	1	1	
mirna.prom::chr6:166944821-166948256_2::NA::NA	0.511677540635977	1	1.85812894117733	FALSE	1	NA	NA	NA	1	1	
mirna.prom::chr6:170593137-170616072_4::NA::NA	0.625255098881992	2	3.51820578452503	FALSE	1	NA	NA	NA	1	1	
mirna.prom::chr6:18522786-18536947_2::NA::NA	0.683954543415866	3	3.75728562197483	FALSE	1	NA	NA	NA	1	1	
mirna.prom::chr6:2876432-2903314_6::NA::NA	0.213517724638185	4	2.00477483940672	TRUE	1	NA	NA	NA	1	1	
mirna.prom::chr6:33387644-33408485_5::NA::NA	0.844316755021958	1	3.14131500177946	FALSE	1	NA	NA	NA	1	1	
mirna.prom::chr6:33638359-33641945_3::NA::NA	0.946774200516675	1	0.934883498010779	TRUE	1	NA	NA	NA	1	1	
mirna.prom::chr6:33860776-33861176_2::NA::NA	0.95730913517966	1	1.05415096837305	FALSE	1	NA	NA	NA	1	1	
mirna.prom::chr6:33969733-33985485_3::NA::NA	0.0745942590961261	8	3.99129017948327	TRUE	1	NA	NA	NA	1	1	
mirna.prom::chr6:34205100-34205181_1::NA::NA	0.600152979220344	1	0.564635492866313	TRUE	1	NA	NA	NA	1	1	
mirna.prom::chr6:36627847-36628247_1::NA::NA	0.200682614038194	4	1.96173892811253	TRUE	1	NA	NA	NA	1	1	
mirna.prom::chr6:41523569-41554726_3::NA::NA	0.832498010103779	1	3.06298822790758	FALSE	1	NA	NA	NA	1	1	
mirna.prom::chr6:44402423-44402823_1::NA::NA	0.980069604047721	1	1.02513770742512	FALSE	1	NA	NA	NA	1	1	
mirna.prom::chr6:45168937-45169337_1::NA::NA	0.604658370636209	2	1.35576020593131	TRUE	1	NA	NA	NA	1	1	
mirna.prom::chr6:52000881-52001281_1::NA::NA	0.624674869381809	2	1.3871589786112	TRUE	1	NA	NA	NA	1	1	
mirna.prom::chr6:57227555-57227955_1::NA::NA	0.686030782199107	2	2.62597577615526	FALSE	1	NA	NA	NA	1	1	
mirna.prom::chr6:72130472-72130721_1::NA::NA	0.737337797991934	1	1.3682937574772	FALSE	1	NA	NA	NA	1	1	
mirna.prom::chr6:99536605-99561255_3::NA::NA	0.456112991399694	6	4.3662561343872	TRUE	1	NA	NA	NA	1	1	
mirna.prom::chr7:102074222-102085147_4::NA::NA	0.446477076492808	7	5.18788960263842	TRUE	1	NA	NA	NA	1	1	
mirna.prom::chr7:114249148-114289210_2::NA::NA	0.78415241756977	1	2.78676051493821	FALSE	1	NA	NA	NA	1	1	
mirna.prom::chr7:127672402-127680349_3::NA::NA	0.56682477834578	1	1.99134067395645	FALSE	1	NA	NA	NA	1	1	
mirna.prom::chr7:129417447-129418768_2::NA::NA	0.133767176274842	2	0.555730778561198	TRUE	1	NA	NA	NA	1	1	
mirna.prom::chr7:130598153-130598553_1::NA::NA	0.0554325390681724	4	1.28830711850737	TRUE	1	NA	NA	NA	1	1	
mirna.prom::chr7:132723250-132723650_1::NA::NA	0.916986338601344	1	1.10763365423297	FALSE	1	NA	NA	NA	1	1	
mirna.prom::chr7:134896024-134896086_1::NA::NA	0.0439894483081766	2	0.316650098609743	TRUE	1	NA	NA	NA	1	1	
mirna.prom::chr7:151137330-151146070_2::NA::NA	0.756310014111362	1	1.34188017878101	FALSE	1	NA	NA	NA	1	1	
mirna.prom::chr7:157369006-157406213_3::NA::NA	0.307717148938135	6	3.84999666907065	TRUE	1	NA	NA	NA	1	1	
mirna.prom::chr7:158362873-158363273_1::NA::NA	0.735641495919304	2	1.56172698411384	TRUE	1	NA	NA	NA	1	1	
mirna.prom::chr7:2295434-2307138_5::NA::NA	0.698868158506647	3	5.14875318269549	FALSE	1	NA	NA	NA	1	1	
mirna.prom::chr7:32801399-32801695_1::NA::NA	0.965733657837984	1	1.04337347404969	FALSE	1	NA	NA	NA	1	1	
mirna.prom::chr7:4830524-4830698_1::NA::NA	0.577018654516452	1	0.541248053094712	TRUE	1	NA	NA	NA	1	1	
mirna.prom::chr7:57472310-57472710_1::NA::NA	0.610039432788046	3	3.96406240832215	FALSE	1	NA	NA	NA	1	1	
mirna.prom::chr7:5763115-5767044_3::NA::NA	0.0716007663151493	6	2.60857322610403	TRUE	1	NA	NA	NA	1	1	
mirna.prom::chr7:73080729-73116866_3::NA::NA	0.830614749792275	1	3.05854608449948	FALSE	1	NA	NA	NA	1	1	
mirna.prom::chr7:97601411-97601811_2::NA::NA	0.629157804954832	1	2.17351066742316	FALSE	1	NA	NA	NA	1	1	
mirna.prom::chr8:101715607-101715839_1::NA::NA	0.932884986223745	1	0.918237367194841	TRUE	1	NA	NA	NA	1	1	
mirna.prom::chr8:12551837-12552237_1::NA::NA	0.592953317012005	1	2.06984121348027	FALSE	1	NA	NA	NA	1	1	
mirna.prom::chr8:125827262-125827478_1::NA::NA	0.0426538430612995	3	0.706306420344679	TRUE	1	NA	NA	NA	1	1	
mirna.prom::chr8:135844340-135844740_1::NA::NA	0.586549911163641	1	2.02335072822317	FALSE	1	NA	NA	NA	1	1	
mirna.prom::chr8:142913072-142913472_1::NA::NA	0.697884914830085	1	1.43886517479815	FALSE	1	NA	NA	NA	1	1	
mirna.prom::chr8:143250038-143250438_1::NA::NA	0.739167725985495	1	1.36993754830203	FALSE	1	NA	NA	NA	1	1	
mirna.prom::chr8:144816171-144822557_3::NA::NA	0.654411227026472	3	2.295068183676	TRUE	1	NA	NA	NA	1	1	
mirna.prom::chr8:144895577-144898087_4::NA::NA	0.822189781284847	2	1.70071190054122	TRUE	1	NA	NA	NA	1	1	
mirna.prom::chr8:145494878-145495278_1::NA::NA	0.51939508921286	1	0.487283041450458	TRUE	1	NA	NA	NA	1	1	
mirna.prom::chr8:145545484-145545884_1::NA::NA	0.981894500017531	1	1.0228204617617	FALSE	1	NA	NA	NA	1	1	
mirna.prom::chr8:145659323-145664004_4::NA::NA	0.223379648304921	2	0.734312458841451	TRUE	1	NA	NA	NA	1	1	
mirna.prom::chr8:22103133-22105838_3::NA::NA	0.889120718611401	1	1.14572334299428	FALSE	1	NA	NA	NA	1	1	
mirna.prom::chr8:65285669-65289637_2::NA::NA	0.920177247900371	1	3.87666793845907	FALSE	1	NA	NA	NA	1	1	
mirna.prom::chr8:75611682-75619153_3::NA::NA	0.637237712246843	5	7.29844475821354	FALSE	1	NA	NA	NA	1	1	
mirna.prom::chr8:77881179-77881579_1::NA::NA	0.822097605111524	2	1.69930963001035	TRUE	1	NA	NA	NA	1	1	
mirna.prom::chr8:81109863-81111526_2::NA::NA	0.623584736375889	1	2.1582142589961	FALSE	1	NA	NA	NA	1	1	
mirna.prom::chr8:9761720-9763475_2::NA::NA	0.726206745438174	1	2.51591547533814	FALSE	1	NA	NA	NA	1	1	
mirna.prom::chr9:109344982-109349725_2::NA::NA	0.886291940315153	3	2.76019109019955	TRUE	1	NA	NA	NA	1	1	
mirna.prom::chr9:111852518-111852918_1::NA::NA	0.10409820909493	4	1.57227007091151	TRUE	1	NA	NA	NA	1	1	
mirna.prom::chr9:112296612-112296944_1::NA::NA	0.149704478456091	3	1.15287646650265	TRUE	1	NA	NA	NA	1	1	
mirna.prom::chr9:114048512-114048912_1::NA::NA	0.282299670786615	3	1.51017978117824	TRUE	1	NA	NA	NA	1	1	
mirna.prom::chr9:126258739-126274676_4::NA::NA	0.923475985341278	4	3.81244423981263	TRUE	1	NA	NA	NA	1	1	
mirna.prom::chr9:127420524-127447137_2::NA::NA	0.517687508016349	1	1.7910264675556	FALSE	1	NA	NA	NA	1	1	
mirna.prom::chr9:132630013-132630263_1::NA::NA	0.743578356065889	1	0.70801539480528	TRUE	1	NA	NA	NA	1	1	
mirna.prom::chr9:135894617-135894815_1::NA::NA	0.579605346697338	1	0.543777175601266	TRUE	1	NA	NA	NA	1	1	
mirna.prom::chr9:137764272-137764672_1::NA::NA	0.257571677808749	3	1.44559183919436	TRUE	1	NA	NA	NA	1	1	
mirna.prom::chr9:139417841-139418162_1::NA::NA	0.841966407047428	1	0.81395936389765	TRUE	1	NA	NA	NA	1	1	
mirna.prom::chr9:139716696-139717096_1::NA::NA	0.824431524757574	1	1.23797008727925	FALSE	1	NA	NA	NA	1	1	
mirna.prom::chr9:140726514-140730963_2::NA::NA	0.623230422115933	1	2.15600739597443	FALSE	1	NA	NA	NA	1	1	
mirna.prom::chr9:20504955-20506841_2::NA::NA	0.0431694465366564	5	1.73868117628558	TRUE	1	NA	NA	NA	1	1	
mirna.prom::chr9:20684298-20716044_2::NA::NA	0.67008774593462	1	2.30263276197761	FALSE	1	NA	NA	NA	1	1	
mirna.prom::chr9:36881605-36881994_1::NA::NA	0.434405113697133	2	1.09136829996343	TRUE	1	NA	NA	NA	1	1	
mirna.prom::chr9:68411019-68413481_2::NA::NA	0.806485734581967	13	13.8944943499356	FALSE	1	NA	NA	NA	1	1	
mirna.prom::chr9:94357505-94390432_2::NA::NA	0.7964669442483	3	2.57670212749307	TRUE	1	NA	NA	NA	1	1	
mirna.prom::chr9:94411014-94444105_2::NA::NA	0.770884460725389	3	2.52552041134023	TRUE	1	NA	NA	NA	1	1	
mirna.prom::chr9:96314131-96329205_2::NA::NA	0.864347508641731	3	2.71635355413888	TRUE	1	NA	NA	NA	1	1	
mirna.prom::chr9:97523021-97564968_2::NA::NA	0.185043156419971	3	1.25177727478228	TRUE	1	NA	NA	NA	1	1	
mirna.prom::chr9:97807431-97811013_2::NA::NA	0.945144266606449	3	2.88410821107753	TRUE	1	NA	NA	NA	1	1	
mirna.prom::chr9:97807431-97818551_3::NA::NA	0.834860195575146	3	3.37093413668484	FALSE	1	NA	NA	NA	1	1	
mirna.prom::chr9:97847429-97847829_3::NA::NA	0.682831137844736	1	0.645959199639005	TRUE	1	NA	NA	NA	1	1	
mirna.prom::chrX:11369856-11370051_1::NA::NA	0.183827618022217	2	0.658971265272812	TRUE	1	NA	NA	NA	1	1	
mirna.prom::chrX:117477912-117514228_2::NA::NA	0.747958119103586	1	2.61347320843127	FALSE	1	NA	NA	NA	1	1	
mirna.prom::chrX:133680202-133680550_2::NA::NA	0.530311341731855	2	1.24271177558626	TRUE	1	NA	NA	NA	1	1	
mirna.prom::chrX:133683465-133683865_1::NA::NA	0.544789135176033	3	2.08489588855857	TRUE	1	NA	NA	NA	1	1	
mirna.prom::chrX:140014980-140015380_1::NA::NA	0.220340034182003	3	1.3490941275115	TRUE	1	NA	NA	NA	1	1	
mirna.prom::chrX:146305734-146306134_1::NA::NA	0.363020853146278	3	1.69039366657281	TRUE	1	NA	NA	NA	1	1	
mirna.prom::chrX:146390129-146390529_1::NA::NA	0.573431415912126	1	1.6716529114506	FALSE	1	NA	NA	NA	1	1	
mirna.prom::chrX:154140339-154140739_1::NA::NA	0.977833529622257	1	0.97252929064053	TRUE	1	NA	NA	NA	1	1	
mirna.prom::chrX:154651922-154652322_1::NA::NA	0.267560658251537	2	0.81607535522769	TRUE	1	NA	NA	NA	1	1	
mirna.prom::chrX:17394972-17434091_3::NA::NA	0.613516456440238	2	3.47830165004738	FALSE	1	NA	NA	NA	1	1	
mirna.prom::chrX:28544205-28544605_1::NA::NA	0.524294913134991	1	1.88874858712622	FALSE	1	NA	NA	NA	1	1	
mirna.prom::chrX:53588905-53590441_2::NA::NA	0.352334526089154	3	1.66771716068051	TRUE	1	NA	NA	NA	1	1	
mirna.prom::chrX:65235830-65240308_3::NA::NA	0.905427977315515	4	3.76876444790687	TRUE	1	NA	NA	NA	1	1	
mirna.prom::chrX:69233498-69238698_2::NA::NA	0.703133669021903	2	1.50991520903997	TRUE	1	NA	NA	NA	1	1	
mirna.prom::chrX:73401813-73402140_1::NA::NA	0.951288208090194	1	1.06221889515785	FALSE	1	NA	NA	NA	1	1	
mirna.prom::chrX:73448022-73476885_5::NA::NA	0.830808091959042	3	6.02375706125412	FALSE	1	NA	NA	NA	1	1	
mirna.prom::chr1:100715132-100715176_1::NA::NA	1	NA	NA	NA	1	NA	NA	NA	1	1	
mirna.prom::chr1:10285841-10286241_1::NA::NA	1	NA	NA	NA	1	NA	NA	NA	1	1	
mirna.prom::chr1:1093039-1093439_1::NA::NA	1	NA	NA	NA	1	NA	NA	NA	1	1	
mirna.prom::chr1:110131004-110132039_2::NA::NA	1	NA	NA	NA	1	NA	NA	NA	1	1	
mirna.prom::chr1:117113428-117113448_1::NA::NA	1	NA	NA	NA	1	NA	NA	NA	1	1	
mirna.prom::chr1:12251408-12251769_1::NA::NA	1	NA	NA	NA	1	NA	NA	NA	1	1	
mirna.prom::chr1:1233366-1233743_2::NA::NA	1	NA	NA	NA	1	NA	NA	NA	1	1	
mirna.prom::chr1:1249017-1249105_1::NA::NA	1	NA	NA	NA	1	NA	NA	NA	1	1	
mirna.prom::chr1:1277556-1277736_1::NA::NA	1	NA	NA	NA	1	NA	NA	NA	1	1	
mirna.prom::chr1:143146109-143146509_1::NA::NA	1	NA	NA	NA	1	NA	NA	NA	1	1	
mirna.prom::chr1:143467632-143467808_1::NA::NA	1	NA	NA	NA	1	NA	NA	NA	1	1	
mirna.prom::chr1:147806889-147806988_1::NA::NA	1	NA	NA	NA	1	NA	NA	NA	1	1	
mirna.prom::chr1:147826862-147827135_1::NA::NA	1	NA	NA	NA	1	NA	NA	NA	1	1	
mirna.prom::chr1:150460095-150460116_1::NA::NA	1	NA	NA	NA	1	NA	NA	NA	1	1	
mirna.prom::chr1:150521682-150521683_1::NA::NA	1	NA	NA	NA	1	NA	NA	NA	1	1	
mirna.prom::chr1:151512984-151512991_1::NA::NA	1	NA	NA	NA	1	NA	NA	NA	1	1	
mirna.prom::chr1:155164601-155164967_1::NA::NA	1	NA	NA	NA	1	NA	NA	NA	1	1	
mirna.prom::chr1:155327094-155340914_4::NA::NA	1	NA	NA	NA	1	NA	NA	NA	1	1	
mirna.prom::chr1:155960064-155960065_1::NA::NA	1	NA	NA	NA	1	NA	NA	NA	1	1	
mirna.prom::chr1:156391601-156399416_2::NA::NA	1	NA	NA	NA	1	NA	NA	NA	1	1	
mirna.prom::chr1:168338101-168338291_1::NA::NA	1	NA	NA	NA	1	NA	NA	NA	1	1	
mirna.prom::chr1:172113784-172114117_2::NA::NA	1	NA	NA	NA	1	NA	NA	NA	1	1	
mirna.prom::chr1:17567656-17568056_1::NA::NA	1	NA	NA	NA	1	NA	NA	NA	1	1	
mirna.prom::chr1:19213581-19239873_2::NA::NA	1	NA	NA	NA	1	NA	NA	NA	1	1	
mirna.prom::chr1:192680936-192685312_2::NA::NA	1	NA	NA	NA	1	NA	NA	NA	1	1	
mirna.prom::chr1:193074220-193090946_2::NA::NA	1	NA	NA	NA	1	NA	NA	NA	1	1	
mirna.prom::chr1:201924818-201924846_1::NA::NA	1	NA	NA	NA	1	NA	NA	NA	1	1	
mirna.prom::chr1:205419259-205424928_2::NA::NA	1	NA	NA	NA	1	NA	NA	NA	1	1	
mirna.prom::chr1:212206910-212209322_2::NA::NA	1	NA	NA	NA	1	NA	NA	NA	1	1	
mirna.prom::chr1:226111700-226111737_1::NA::NA	1	NA	NA	NA	1	NA	NA	NA	1	1	
mirna.prom::chr1:228256270-228284758_5::NA::NA	1	NA	NA	NA	1	NA	NA	NA	1	1	
mirna.prom::chr1:22999728-23000128_1::NA::NA	1	NA	NA	NA	1	NA	NA	NA	1	1	
mirna.prom::chr1:23191711-23191893_1::NA::NA	1	NA	NA	NA	1	NA	NA	NA	1	1	
mirna.prom::chr1:233750278-233750344_1::NA::NA	1	NA	NA	NA	1	NA	NA	NA	1	1	
mirna.prom::chr1:236030420-236030428_1::NA::NA	1	NA	NA	NA	1	NA	NA	NA	1	1	
mirna.prom::chr1:241270942-241271342_1::NA::NA	1	NA	NA	NA	1	NA	NA	NA	1	1	
mirna.prom::chr1:247373940-247374340_2::NA::NA	1	NA	NA	NA	1	NA	NA	NA	1	1	
mirna.prom::chr1:25255397-25256715_2::NA::NA	1	NA	NA	NA	1	NA	NA	NA	1	1	
mirna.prom::chr1:26872542-26872556_1::NA::NA	1	NA	NA	NA	1	NA	NA	NA	1	1	
mirna.prom::chr1:31230429-31230467_1::NA::NA	1	NA	NA	NA	1	NA	NA	NA	1	1	
mirna.prom::chr1:32230141-32230143_1::NA::NA	1	NA	NA	NA	1	NA	NA	NA	1	1	
mirna.prom::chr1:32547210-32547898_2::NA::NA	1	NA	NA	NA	1	NA	NA	NA	1	1	
mirna.prom::chr1:33815686-33815706_1::NA::NA	1	NA	NA	NA	1	NA	NA	NA	1	1	
mirna.prom::chr1:3500290-3500303_1::NA::NA	1	NA	NA	NA	1	NA	NA	NA	1	1	
mirna.prom::chr1:37940352-37940396_1::NA::NA	1	NA	NA	NA	1	NA	NA	NA	1	1	
mirna.prom::chr1:41204709-41204761_1::NA::NA	1	NA	NA	NA	1	NA	NA	NA	1	1	
mirna.prom::chr1:44966702-44967102_1::NA::NA	1	NA	NA	NA	1	NA	NA	NA	1	1	
mirna.prom::chr1:54519473-54519474_1::NA::NA	1	NA	NA	NA	1	NA	NA	NA	1	1	
mirna.prom::chr1:63793665-63793696_1::NA::NA	1	NA	NA	NA	1	NA	NA	NA	1	1	
mirna.prom::chr1:71535283-71535556_1::NA::NA	1	NA	NA	NA	1	NA	NA	NA	1	1	
mirna.prom::chr1:8936230-8938549_2::NA::NA	1	NA	NA	NA	1	NA	NA	NA	1	1	
mirna.prom::chr1:94312086-94312486_2::NA::NA	1	NA	NA	NA	1	NA	NA	NA	1	1	
mirna.prom::chr1:98511014-98511316_1::NA::NA	1	NA	NA	NA	1	NA	NA	NA	1	1	
mirna.prom::chr1:98515419-98515618_1::NA::NA	1	NA	NA	NA	1	NA	NA	NA	1	1	
mirna.prom::chr10:105844332-105844732_1::NA::NA	1	NA	NA	NA	1	NA	NA	NA	1	1	
mirna.prom::chr10:115933753-115933761_1::NA::NA	1	NA	NA	NA	1	NA	NA	NA	1	1	
mirna.prom::chr10:126751936-126752336_1::NA::NA	1	NA	NA	NA	1	NA	NA	NA	1	1	
mirna.prom::chr10:135186644-135186743_1::NA::NA	1	NA	NA	NA	1	NA	NA	NA	1	1	
mirna.prom::chr10:23632547-23632693_1::NA::NA	1	NA	NA	NA	1	NA	NA	NA	1	1	
mirna.prom::chr10:28591745-28591783_1::NA::NA	1	NA	NA	NA	1	NA	NA	NA	1	1	
mirna.prom::chr10:30687792-30692125_2::NA::NA	1	NA	NA	NA	1	NA	NA	NA	1	1	
mirna.prom::chr10:35379053-35379092_1::NA::NA	1	NA	NA	NA	1	NA	NA	NA	1	1	
mirna.prom::chr10:6205885-6243745_3::NA::NA	1	NA	NA	NA	1	NA	NA	NA	1	1	
mirna.prom::chr10:65132834-65133234_1::NA::NA	1	NA	NA	NA	1	NA	NA	NA	1	1	
mirna.prom::chr10:694729-695129_1::NA::NA	1	NA	NA	NA	1	NA	NA	NA	1	1	
mirna.prom::chr10:74472261-74472634_1::NA::NA	1	NA	NA	NA	1	NA	NA	NA	1	1	
mirna.prom::chr10:98592238-98593465_3::NA::NA	1	NA	NA	NA	1	NA	NA	NA	1	1	
mirna.prom::chr11:10530923-10530925_1::NA::NA	1	NA	NA	NA	1	NA	NA	NA	1	1	
mirna.prom::chr11:111383279-111383582_1::NA::NA	1	NA	NA	NA	1	NA	NA	NA	1	1	
mirna.prom::chr11:118502345-118505914_4::NA::NA	1	NA	NA	NA	1	NA	NA	NA	1	1	
mirna.prom::chr11:119186530-119188046_2::NA::NA	1	NA	NA	NA	1	NA	NA	NA	1	1	
mirna.prom::chr11:18386300-18386455_1::NA::NA	1	NA	NA	NA	1	NA	NA	NA	1	1	
mirna.prom::chr11:19798477-19798812_1::NA::NA	1	NA	NA	NA	1	NA	NA	NA	1	1	
mirna.prom::chr11:2019105-2019234_1::NA::NA	1	NA	NA	NA	1	NA	NA	NA	1	1	
mirna.prom::chr11:2162668-2162709_1::NA::NA	1	NA	NA	NA	1	NA	NA	NA	1	1	
mirna.prom::chr11:2187799-2188046_2::NA::NA	1	NA	NA	NA	1	NA	NA	NA	1	1	
mirna.prom::chr11:46485169-46485569_1::NA::NA	1	NA	NA	NA	1	NA	NA	NA	1	1	
mirna.prom::chr11:46781978-46782000_1::NA::NA	1	NA	NA	NA	1	NA	NA	NA	1	1	
mirna.prom::chr11:47377117-47422088_2::NA::NA	1	NA	NA	NA	1	NA	NA	NA	1	1	
mirna.prom::chr11:61248791-61248828_1::NA::NA	1	NA	NA	NA	1	NA	NA	NA	1	1	
mirna.prom::chr11:61659206-61687948_2::NA::NA	1	NA	NA	NA	1	NA	NA	NA	1	1	
mirna.prom::chr11:64109948-64110348_3::NA::NA	1	NA	NA	NA	1	NA	NA	NA	1	1	
mirna.prom::chr11:64668141-64668349_1::NA::NA	1	NA	NA	NA	1	NA	NA	NA	1	1	
mirna.prom::chr11:64781863-64781877_1::NA::NA	1	NA	NA	NA	1	NA	NA	NA	1	1	
mirna.prom::chr11:65398081-65402196_3::NA::NA	1	NA	NA	NA	1	NA	NA	NA	1	1	
mirna.prom::chr11:66790520-66790615_1::NA::NA	1	NA	NA	NA	1	NA	NA	NA	1	1	
mirna.prom::chr11:68853707-68853931_1::NA::NA	1	NA	NA	NA	1	NA	NA	NA	1	1	
mirna.prom::chr11:70732283-70732373_1::NA::NA	1	NA	NA	NA	1	NA	NA	NA	1	1	
mirna.prom::chr11:71159681-71172468_3::NA::NA	1	NA	NA	NA	1	NA	NA	NA	1	1	
mirna.prom::chr11:72353270-72353275_1::NA::NA	1	NA	NA	NA	1	NA	NA	NA	1	1	
mirna.prom::chr11:79151992-79152041_1::NA::NA	1	NA	NA	NA	1	NA	NA	NA	1	1	
mirna.prom::chr11:87908835-87908865_1::NA::NA	1	NA	NA	NA	1	NA	NA	NA	1	1	
mirna.prom::chr11:9111926-9112316_1::NA::NA	1	NA	NA	NA	1	NA	NA	NA	1	1	
mirna.prom::chr12:104324348-104324385_1::NA::NA	1	NA	NA	NA	1	NA	NA	NA	1	1	
mirna.prom::chr12:108986193-108986207_1::NA::NA	1	NA	NA	NA	1	NA	NA	NA	1	1	
mirna.prom::chr12:110270960-110271006_1::NA::NA	1	NA	NA	NA	1	NA	NA	NA	1	1	
mirna.prom::chr12:112204925-112204963_1::NA::NA	1	NA	NA	NA	1	NA	NA	NA	1	1	
mirna.prom::chr12:112601561-112601777_1::NA::NA	1	NA	NA	NA	1	NA	NA	NA	1	1	
mirna.prom::chr12:116622034-116622434_1::NA::NA	1	NA	NA	NA	1	NA	NA	NA	1	1	
mirna.prom::chr12:120632713-120632716_1::NA::NA	1	NA	NA	NA	1	NA	NA	NA	1	1	
mirna.prom::chr12:124018465-124018511_1::NA::NA	1	NA	NA	NA	1	NA	NA	NA	1	1	
mirna.prom::chr12:128707727-128708127_1::NA::NA	1	NA	NA	NA	1	NA	NA	NA	1	1	
mirna.prom::chr12:13044604-13044707_1::NA::NA	1	NA	NA	NA	1	NA	NA	NA	1	1	
mirna.prom::chr12:1770986-1771386_1::NA::NA	1	NA	NA	NA	1	NA	NA	NA	1	1	
mirna.prom::chr12:24330214-24330614_1::NA::NA	1	NA	NA	NA	1	NA	NA	NA	1	1	
mirna.prom::chr12:49089760-49090011_2::NA::NA	1	NA	NA	NA	1	NA	NA	NA	1	1	
mirna.prom::chr12:54379897-54384207_4::NA::NA	1	NA	NA	NA	1	NA	NA	NA	1	1	
mirna.prom::chr12:54424607-54424881_1::NA::NA	1	NA	NA	NA	1	NA	NA	NA	1	1	
mirna.prom::chr12:57902300-57902700_1::NA::NA	1	NA	NA	NA	1	NA	NA	NA	1	1	
mirna.prom::chr12:62653645-62653751_1::NA::NA	1	NA	NA	NA	1	NA	NA	NA	1	1	
mirna.prom::chr12:62997414-62997465_1::NA::NA	1	NA	NA	NA	1	NA	NA	NA	1	1	
mirna.prom::chr12:65003829-65004092_1::NA::NA	1	NA	NA	NA	1	NA	NA	NA	1	1	
mirna.prom::chr12:69677809-69678176_1::NA::NA	1	NA	NA	NA	1	NA	NA	NA	1	1	
mirna.prom::chr12:7037185-7064709_3::NA::NA	1	NA	NA	NA	1	NA	NA	NA	1	1	
mirna.prom::chr12:97954951-97955351_1::NA::NA	1	NA	NA	NA	1	NA	NA	NA	1	1	
mirna.prom::chr12:98391973-98392373_1::NA::NA	1	NA	NA	NA	1	NA	NA	NA	1	1	
mirna.prom::chr13:110951177-110951577_1::NA::NA	1	NA	NA	NA	1	NA	NA	NA	1	1	
mirna.prom::chr13:113909445-113909684_1::NA::NA	1	NA	NA	NA	1	NA	NA	NA	1	1	
mirna.prom::chr13:41345104-41345109_1::NA::NA	1	NA	NA	NA	1	NA	NA	NA	1	1	
mirna.prom::chr13:41363832-41363877_1::NA::NA	1	NA	NA	NA	1	NA	NA	NA	1	1	
mirna.prom::chr13:41707082-41707129_1::NA::NA	1	NA	NA	NA	1	NA	NA	NA	1	1	
mirna.prom::chr13:42154788-42155188_1::NA::NA	1	NA	NA	NA	1	NA	NA	NA	1	1	
mirna.prom::chr13:50655935-50655952_1::NA::NA	1	NA	NA	NA	1	NA	NA	NA	1	1	
mirna.prom::chr13:78272768-78272815_1::NA::NA	1	NA	NA	NA	1	NA	NA	NA	1	1	
mirna.prom::chr13:90874546-90874946_1::NA::NA	1	NA	NA	NA	1	NA	NA	NA	1	1	
mirna.prom::chr14:100531957-100531964_1::NA::NA	1	NA	NA	NA	1	NA	NA	NA	1	1	
mirna.prom::chr14:100610573-100625732_2::NA::NA	1	NA	NA	NA	1	NA	NA	NA	1	1	
mirna.prom::chr14:100773070-100773249_1::NA::NA	1	NA	NA	NA	1	NA	NA	NA	1	1	
mirna.prom::chr14:101292264-101292620_2::NA::NA	1	NA	NA	NA	1	NA	NA	NA	1	1	
mirna.prom::chr14:101371211-101371611_1::NA::NA	1	NA	NA	NA	1	NA	NA	NA	1	1	
mirna.prom::chr14:101453728-101454128_1::NA::NA	1	NA	NA	NA	1	NA	NA	NA	1	1	
mirna.prom::chr14:102975852-102975859_1::NA::NA	1	NA	NA	NA	1	NA	NA	NA	1	1	
mirna.prom::chr14:104583357-104583741_1::NA::NA	1	NA	NA	NA	1	NA	NA	NA	1	1	
mirna.prom::chr14:105156173-105169200_3::NA::NA	1	NA	NA	NA	1	NA	NA	NA	1	1	
mirna.prom::chr14:105617268-105617515_2::NA::NA	1	NA	NA	NA	1	NA	NA	NA	1	1	
mirna.prom::chr14:106333378-106333778_1::NA::NA	1	NA	NA	NA	1	NA	NA	NA	1	1	
mirna.prom::chr14:23862286-23879070_3::NA::NA	1	NA	NA	NA	1	NA	NA	NA	1	1	
mirna.prom::chr14:23862286-23904727_4::NA::NA	1	NA	NA	NA	1	NA	NA	NA	1	1	
mirna.prom::chr14:23904693-23904727_1::NA::NA	1	NA	NA	NA	1	NA	NA	NA	1	1	
mirna.prom::chr14:24620885-24621272_2::NA::NA	1	NA	NA	NA	1	NA	NA	NA	1	1	
mirna.prom::chr14:27340146-27342128_2::NA::NA	1	NA	NA	NA	1	NA	NA	NA	1	1	
mirna.prom::chr14:28142075-28142475_2::NA::NA	1	NA	NA	NA	1	NA	NA	NA	1	1	
mirna.prom::chr14:50766799-50789208_2::NA::NA	1	NA	NA	NA	1	NA	NA	NA	1	1	
mirna.prom::chr14:74187834-74189693_2::NA::NA	1	NA	NA	NA	1	NA	NA	NA	1	1	
mirna.prom::chr14:77702579-77702946_1::NA::NA	1	NA	NA	NA	1	NA	NA	NA	1	1	
mirna.prom::chr14:94423072-94423105_1::NA::NA	1	NA	NA	NA	1	NA	NA	NA	1	1	
mirna.prom::chr14:95623959-95623981_1::NA::NA	1	NA	NA	NA	1	NA	NA	NA	1	1	
mirna.prom::chr15:21112411-21112811_1::NA::NA	1	NA	NA	NA	1	NA	NA	NA	1	1	
mirna.prom::chr15:22676365-22676765_1::NA::NA	1	NA	NA	NA	1	NA	NA	NA	1	1	
mirna.prom::chr15:28753954-28754015_1::NA::NA	1	NA	NA	NA	1	NA	NA	NA	1	1	
mirna.prom::chr15:41952809-41952832_1::NA::NA	1	NA	NA	NA	1	NA	NA	NA	1	1	
mirna.prom::chr15:42174363-42174460_1::NA::NA	1	NA	NA	NA	1	NA	NA	NA	1	1	
mirna.prom::chr15:50646984-50647121_1::NA::NA	1	NA	NA	NA	1	NA	NA	NA	1	1	
mirna.prom::chr15:51610470-51610489_1::NA::NA	1	NA	NA	NA	1	NA	NA	NA	1	1	
mirna.prom::chr15:52587757-52587766_1::NA::NA	1	NA	NA	NA	1	NA	NA	NA	1	1	
mirna.prom::chr15:55665232-55666502_3::NA::NA	1	NA	NA	NA	1	NA	NA	NA	1	1	
mirna.prom::chr15:55666102-55666502_2::NA::NA	1	NA	NA	NA	1	NA	NA	NA	1	1	
mirna.prom::chr15:65061810-65062210_1::NA::NA	1	NA	NA	NA	1	NA	NA	NA	1	1	
mirna.prom::chr15:66796977-66796983_1::NA::NA	1	NA	NA	NA	1	NA	NA	NA	1	1	
mirna.prom::chr15:70375658-70376058_1::NA::NA	1	NA	NA	NA	1	NA	NA	NA	1	1	
mirna.prom::chr15:72873338-72873472_1::NA::NA	1	NA	NA	NA	1	NA	NA	NA	1	1	
mirna.prom::chr15:83704132-83704532_1::NA::NA	1	NA	NA	NA	1	NA	NA	NA	1	1	
mirna.prom::chr15:86338461-86338534_1::NA::NA	1	NA	NA	NA	1	NA	NA	NA	1	1	
mirna.prom::chr15:89147834-89148088_1::NA::NA	1	NA	NA	NA	1	NA	NA	NA	1	1	
mirna.prom::chr15:89165044-89165095_1::NA::NA	1	NA	NA	NA	1	NA	NA	NA	1	1	
mirna.prom::chr15:89877864-89877878_1::NA::NA	1	NA	NA	NA	1	NA	NA	NA	1	1	
mirna.prom::chr15:90544852-90544913_1::NA::NA	1	NA	NA	NA	1	NA	NA	NA	1	1	
mirna.prom::chr15:99279533-99279933_1::NA::NA	1	NA	NA	NA	1	NA	NA	NA	1	1	
mirna.prom::chr16:11439768-11440168_1::NA::NA	1	NA	NA	NA	1	NA	NA	NA	1	1	
mirna.prom::chr16:12798926-12799048_1::NA::NA	1	NA	NA	NA	1	NA	NA	NA	1	1	
mirna.prom::chr16:14395914-14396144_1::NA::NA	1	NA	NA	NA	1	NA	NA	NA	1	1	
mirna.prom::chr16:15150121-15150124_1::NA::NA	1	NA	NA	NA	1	NA	NA	NA	1	1	
mirna.prom::chr16:2140840-2143805_2::NA::NA	1	NA	NA	NA	1	NA	NA	NA	1	1	
mirna.prom::chr16:2318613-2318623_1::NA::NA	1	NA	NA	NA	1	NA	NA	NA	1	1	
mirna.prom::chr16:2479594-2479629_1::NA::NA	1	NA	NA	NA	1	NA	NA	NA	1	1	
mirna.prom::chr16:30904088-30904385_2::NA::NA	1	NA	NA	NA	1	NA	NA	NA	1	1	
mirna.prom::chr16:30934591-30934786_1::NA::NA	1	NA	NA	NA	1	NA	NA	NA	1	1	
mirna.prom::chr16:50280247-50307863_2::NA::NA	1	NA	NA	NA	1	NA	NA	NA	1	1	
mirna.prom::chr16:56860384-56860784_1::NA::NA	1	NA	NA	NA	1	NA	NA	NA	1	1	
mirna.prom::chr16:57836145-57836161_1::NA::NA	1	NA	NA	NA	1	NA	NA	NA	1	1	
mirna.prom::chr16:67242013-67242208_1::NA::NA	1	NA	NA	NA	1	NA	NA	NA	1	1	
mirna.prom::chr16:817342-817742_2::NA::NA	1	NA	NA	NA	1	NA	NA	NA	1	1	
mirna.prom::chr16:82703089-82703489_1::NA::NA	1	NA	NA	NA	1	NA	NA	NA	1	1	
mirna.prom::chr16:85932968-85932977_1::NA::NA	1	NA	NA	NA	1	NA	NA	NA	1	1	
mirna.prom::chr17:11984988-11985388_2::NA::NA	1	NA	NA	NA	1	NA	NA	NA	1	1	
mirna.prom::chr17:1619319-1619417_1::NA::NA	1	NA	NA	NA	1	NA	NA	NA	1	1	
mirna.prom::chr17:17726712-17726732_1::NA::NA	1	NA	NA	NA	1	NA	NA	NA	1	1	
mirna.prom::chr17:1954556-1958620_2::NA::NA	1	NA	NA	NA	1	NA	NA	NA	1	1	
mirna.prom::chr17:1963017-1963132_1::NA::NA	1	NA	NA	NA	1	NA	NA	NA	1	1	
mirna.prom::chr17:2597590-2598661_2::NA::NA	1	NA	NA	NA	1	NA	NA	NA	1	1	
mirna.prom::chr17:27207637-27209584_2::NA::NA	1	NA	NA	NA	1	NA	NA	NA	1	1	
mirna.prom::chr17:27209488-27209584_1::NA::NA	1	NA	NA	NA	1	NA	NA	NA	1	1	
mirna.prom::chr17:27238444-27238466_1::NA::NA	1	NA	NA	NA	1	NA	NA	NA	1	1	
mirna.prom::chr17:28444389-28444659_2::NA::NA	1	NA	NA	NA	1	NA	NA	NA	1	1	
mirna.prom::chr17:29885938-29886338_1::NA::NA	1	NA	NA	NA	1	NA	NA	NA	1	1	
mirna.prom::chr17:36861384-36861594_1::NA::NA	1	NA	NA	NA	1	NA	NA	NA	1	1	
mirna.prom::chr17:36862633-36862891_1::NA::NA	1	NA	NA	NA	1	NA	NA	NA	1	1	
mirna.prom::chr17:36955277-36955512_1::NA::NA	1	NA	NA	NA	1	NA	NA	NA	1	1	
mirna.prom::chr17:37880734-37880958_1::NA::NA	1	NA	NA	NA	1	NA	NA	NA	1	1	
mirna.prom::chr17:38347504-38347813_2::NA::NA	1	NA	NA	NA	1	NA	NA	NA	1	1	
mirna.prom::chr17:41476526-41476569_1::NA::NA	1	NA	NA	NA	1	NA	NA	NA	1	1	
mirna.prom::chr17:42288570-42288639_1::NA::NA	1	NA	NA	NA	1	NA	NA	NA	1	1	
mirna.prom::chr17:43013342-43013393_1::NA::NA	1	NA	NA	NA	1	NA	NA	NA	1	1	
mirna.prom::chr17:46659641-46659647_1::NA::NA	1	NA	NA	NA	1	NA	NA	NA	1	1	
mirna.prom::chr17:47584026-47584237_1::NA::NA	1	NA	NA	NA	1	NA	NA	NA	1	1	
mirna.prom::chr17:56415276-56415676_1::NA::NA	1	NA	NA	NA	1	NA	NA	NA	1	1	
mirna.prom::chr17:57409262-57409266_1::NA::NA	1	NA	NA	NA	1	NA	NA	NA	1	1	
mirna.prom::chr17:57915164-57915215_1::NA::NA	1	NA	NA	NA	1	NA	NA	NA	1	1	
mirna.prom::chr17:62776415-62776454_1::NA::NA	1	NA	NA	NA	1	NA	NA	NA	1	1	
mirna.prom::chr17:66453820-66453824_1::NA::NA	1	NA	NA	NA	1	NA	NA	NA	1	1	
mirna.prom::chr17:6923368-6927381_2::NA::NA	1	NA	NA	NA	1	NA	NA	NA	1	1	
mirna.prom::chr17:7130874-7131181_2::NA::NA	1	NA	NA	NA	1	NA	NA	NA	1	1	
mirna.prom::chr17:73400738-73400915_1::NA::NA	1	NA	NA	NA	1	NA	NA	NA	1	1	
mirna.prom::chr17:73494092-73494492_2::NA::NA	1	NA	NA	NA	1	NA	NA	NA	1	1	
mirna.prom::chr17:75084607-75084630_1::NA::NA	1	NA	NA	NA	1	NA	NA	NA	1	1	
mirna.prom::chr17:77707040-77722009_2::NA::NA	1	NA	NA	NA	1	NA	NA	NA	1	1	
mirna.prom::chr17:79093035-79096653_3::NA::NA	1	NA	NA	NA	1	NA	NA	NA	1	1	
mirna.prom::chr17:79102725-79102828_1::NA::NA	1	NA	NA	NA	1	NA	NA	NA	1	1	
mirna.prom::chr17:79374514-79374914_2::NA::NA	1	NA	NA	NA	1	NA	NA	NA	1	1	
mirna.prom::chr17:7982594-7982599_1::NA::NA	1	NA	NA	NA	1	NA	NA	NA	1	1	
mirna.prom::chr17:80628887-80628954_1::NA::NA	1	NA	NA	NA	1	NA	NA	NA	1	1	
mirna.prom::chr18:10773336-10773736_2::NA::NA	1	NA	NA	NA	1	NA	NA	NA	1	1	
mirna.prom::chr18:159422-159822_1::NA::NA	1	NA	NA	NA	1	NA	NA	NA	1	1	
mirna.prom::chr18:19411371-19411555_1::NA::NA	1	NA	NA	NA	1	NA	NA	NA	1	1	
mirna.prom::chr18:53144980-53145380_1::NA::NA	1	NA	NA	NA	1	NA	NA	NA	1	1	
mirna.prom::chr18:56113304-56113704_2::NA::NA	1	NA	NA	NA	1	NA	NA	NA	1	1	
mirna.prom::chr18:70535384-70535406_1::NA::NA	1	NA	NA	NA	1	NA	NA	NA	1	1	
mirna.prom::chr19:10116927-10117146_1::NA::NA	1	NA	NA	NA	1	NA	NA	NA	1	1	
mirna.prom::chr19:10340547-10340947_1::NA::NA	1	NA	NA	NA	1	NA	NA	NA	1	1	
mirna.prom::chr19:10514409-10514432_1::NA::NA	1	NA	NA	NA	1	NA	NA	NA	1	1	
mirna.prom::chr19:10823549-10823593_1::NA::NA	1	NA	NA	NA	1	NA	NA	NA	1	1	
mirna.prom::chr19:12962855-12963073_2::NA::NA	1	NA	NA	NA	1	NA	NA	NA	1	1	
mirna.prom::chr19:12985765-13030368_2::NA::NA	1	NA	NA	NA	1	NA	NA	NA	1	1	
mirna.prom::chr19:13045051-13045095_1::NA::NA	1	NA	NA	NA	1	NA	NA	NA	1	1	
mirna.prom::chr19:13953527-13953927_2::NA::NA	1	NA	NA	NA	1	NA	NA	NA	1	1	
mirna.prom::chr19:14183547-14183620_1::NA::NA	1	NA	NA	NA	1	NA	NA	NA	1	1	
mirna.prom::chr19:15297321-15297682_1::NA::NA	1	NA	NA	NA	1	NA	NA	NA	1	1	
mirna.prom::chr19:1819255-1822087_2::NA::NA	1	NA	NA	NA	1	NA	NA	NA	1	1	
mirna.prom::chr19:2435189-2448287_4::NA::NA	1	NA	NA	NA	1	NA	NA	NA	1	1	
mirna.prom::chr19:35607423-35607436_1::NA::NA	1	NA	NA	NA	1	NA	NA	NA	1	1	
mirna.prom::chr19:39900124-39907469_3::NA::NA	1	NA	NA	NA	1	NA	NA	NA	1	1	
mirna.prom::chr19:40324585-40324592_1::NA::NA	1	NA	NA	NA	1	NA	NA	NA	1	1	
mirna.prom::chr19:4400175-4402458_2::NA::NA	1	NA	NA	NA	1	NA	NA	NA	1	1	
mirna.prom::chr19:46148399-46148524_1::NA::NA	1	NA	NA	NA	1	NA	NA	NA	1	1	
mirna.prom::chr19:46180372-46180680_2::NA::NA	1	NA	NA	NA	1	NA	NA	NA	1	1	
mirna.prom::chr19:46476516-46498948_2::NA::NA	1	NA	NA	NA	1	NA	NA	NA	1	1	
mirna.prom::chr19:4769034-4769434_2::NA::NA	1	NA	NA	NA	1	NA	NA	NA	1	1	
mirna.prom::chr19:4909961-4931311_4::NA::NA	1	NA	NA	NA	1	NA	NA	NA	1	1	
mirna.prom::chr19:49486786-49489100_3::NA::NA	1	NA	NA	NA	1	NA	NA	NA	1	1	
mirna.prom::chr19:50037658-50037870_1::NA::NA	1	NA	NA	NA	1	NA	NA	NA	1	1	
mirna.prom::chr19:50365740-50366132_3::NA::NA	1	NA	NA	NA	1	NA	NA	NA	1	1	
mirna.prom::chr19:52192420-52192820_1::NA::NA	1	NA	NA	NA	1	NA	NA	NA	1	1	
mirna.prom::chr19:52773045-52773063_1::NA::NA	1	NA	NA	NA	1	NA	NA	NA	1	1	
mirna.prom::chr19:54484959-54485313_1::NA::NA	1	NA	NA	NA	1	NA	NA	NA	1	1	
mirna.prom::chr19:54764656-54765056_1::NA::NA	1	NA	NA	NA	1	NA	NA	NA	1	1	
mirna.prom::chr19:55767337-55767364_1::NA::NA	1	NA	NA	NA	1	NA	NA	NA	1	1	
mirna.prom::chr19:55894978-55895083_1::NA::NA	1	NA	NA	NA	1	NA	NA	NA	1	1	
mirna.prom::chr19:58898241-58898378_1::NA::NA	1	NA	NA	NA	1	NA	NA	NA	1	1	
mirna.prom::chr19:7680214-7680283_1::NA::NA	1	NA	NA	NA	1	NA	NA	NA	1	1	
mirna.prom::chr19:8455569-8455751_1::NA::NA	1	NA	NA	NA	1	NA	NA	NA	1	1	
mirna.prom::chr2:109951848-109952248_1::NA::NA	1	NA	NA	NA	1	NA	NA	NA	1	1	
mirna.prom::chr2:110829751-110830151_1::NA::NA	1	NA	NA	NA	1	NA	NA	NA	1	1	
mirna.prom::chr2:110873212-110873258_1::NA::NA	1	NA	NA	NA	1	NA	NA	NA	1	1	
mirna.prom::chr2:11886963-11901239_2::NA::NA	1	NA	NA	NA	1	NA	NA	NA	1	1	
mirna.prom::chr2:132249761-132249773_1::NA::NA	1	NA	NA	NA	1	NA	NA	NA	1	1	
mirna.prom::chr2:133015042-133015095_1::NA::NA	1	NA	NA	NA	1	NA	NA	NA	1	1	
mirna.prom::chr2:135596387-135596397_1::NA::NA	1	NA	NA	NA	1	NA	NA	NA	1	1	
mirna.prom::chr2:176032677-176032697_1::NA::NA	1	NA	NA	NA	1	NA	NA	NA	1	1	
mirna.prom::chr2:177004992-177011320_2::NA::NA	1	NA	NA	NA	1	NA	NA	NA	1	1	
mirna.prom::chr2:178214237-178216116_2::NA::NA	1	NA	NA	NA	1	NA	NA	NA	1	1	
mirna.prom::chr2:180726432-180726490_1::NA::NA	1	NA	NA	NA	1	NA	NA	NA	1	1	
mirna.prom::chr2:182191482-182191882_1::NA::NA	1	NA	NA	NA	1	NA	NA	NA	1	1	
mirna.prom::chr2:207630529-207630536_1::NA::NA	1	NA	NA	NA	1	NA	NA	NA	1	1	
mirna.prom::chr2:208174676-208175076_1::NA::NA	1	NA	NA	NA	1	NA	NA	NA	1	1	
mirna.prom::chr2:213777091-213777491_1::NA::NA	1	NA	NA	NA	1	NA	NA	NA	1	1	
mirna.prom::chr2:219157024-219188393_2::NA::NA	1	NA	NA	NA	1	NA	NA	NA	1	1	
mirna.prom::chr2:219188160-219188241_1::NA::NA	1	NA	NA	NA	1	NA	NA	NA	1	1	
mirna.prom::chr2:220783971-220784371_1::NA::NA	1	NA	NA	NA	1	NA	NA	NA	1	1	
mirna.prom::chr2:225907359-225907501_1::NA::NA	1	NA	NA	NA	1	NA	NA	NA	1	1	
mirna.prom::chr2:228336632-228336667_1::NA::NA	1	NA	NA	NA	1	NA	NA	NA	1	1	
mirna.prom::chr2:232573467-232575422_2::NA::NA	1	NA	NA	NA	1	NA	NA	NA	1	1	
mirna.prom::chr2:233034773-233035173_1::NA::NA	1	NA	NA	NA	1	NA	NA	NA	1	1	
mirna.prom::chr2:239999393-239999793_1::NA::NA	1	NA	NA	NA	1	NA	NA	NA	1	1	
mirna.prom::chr2:240010201-240010601_1::NA::NA	1	NA	NA	NA	1	NA	NA	NA	1	1	
mirna.prom::chr2:33634724-33634756_1::NA::NA	1	NA	NA	NA	1	NA	NA	NA	1	1	
mirna.prom::chr2:47594643-47595043_1::NA::NA	1	NA	NA	NA	1	NA	NA	NA	1	1	
mirna.prom::chr2:64751752-64751801_1::NA::NA	1	NA	NA	NA	1	NA	NA	NA	1	1	
mirna.prom::chr2:80101474-80101598_1::NA::NA	1	NA	NA	NA	1	NA	NA	NA	1	1	
mirna.prom::chr2:86038231-86038631_1::NA::NA	1	NA	NA	NA	1	NA	NA	NA	1	1	
mirna.prom::chr20:10636664-10637039_1::NA::NA	1	NA	NA	NA	1	NA	NA	NA	1	1	
mirna.prom::chr20:30795895-30795913_1::NA::NA	1	NA	NA	NA	1	NA	NA	NA	1	1	
mirna.prom::chr20:33583387-33587746_5::NA::NA	1	NA	NA	NA	1	NA	NA	NA	1	1	
mirna.prom::chr20:33584990-33587746_4::NA::NA	1	NA	NA	NA	1	NA	NA	NA	1	1	
mirna.prom::chr20:3896334-3896734_1::NA::NA	1	NA	NA	NA	1	NA	NA	NA	1	1	
mirna.prom::chr20:39794651-39798675_4::NA::NA	1	NA	NA	NA	1	NA	NA	NA	1	1	
mirna.prom::chr20:49237614-49237807_1::NA::NA	1	NA	NA	NA	1	NA	NA	NA	1	1	
mirna.prom::chr20:55904437-55904601_1::NA::NA	1	NA	NA	NA	1	NA	NA	NA	1	1	
mirna.prom::chr20:60639492-60639500_1::NA::NA	1	NA	NA	NA	1	NA	NA	NA	1	1	
mirna.prom::chr20:60908914-60911768_3::NA::NA	1	NA	NA	NA	1	NA	NA	NA	1	1	
mirna.prom::chr20:62580057-62580457_1::NA::NA	1	NA	NA	NA	1	NA	NA	NA	1	1	
mirna.prom::chr20:62715156-62715164_1::NA::NA	1	NA	NA	NA	1	NA	NA	NA	1	1	
mirna.prom::chr21:15048310-15054092_2::NA::NA	1	NA	NA	NA	1	NA	NA	NA	1	1	
mirna.prom::chr21:17909428-17909828_2::NA::NA	1	NA	NA	NA	1	NA	NA	NA	1	1	
mirna.prom::chr21:24401867-24402267_1::NA::NA	1	NA	NA	NA	1	NA	NA	NA	1	1	
mirna.prom::chr21:26934332-26934652_2::NA::NA	1	NA	NA	NA	1	NA	NA	NA	1	1	
mirna.prom::chr21:42539138-42539326_1::NA::NA	1	NA	NA	NA	1	NA	NA	NA	1	1	
mirna.prom::chr21:45077792-45077825_1::NA::NA	1	NA	NA	NA	1	NA	NA	NA	1	1	
mirna.prom::chr22:19929533-19929551_1::NA::NA	1	NA	NA	NA	1	NA	NA	NA	1	1	
mirna.prom::chr22:20002995-20003395_1::NA::NA	1	NA	NA	NA	1	NA	NA	NA	1	1	
mirna.prom::chr22:22006302-22006678_2::NA::NA	1	NA	NA	NA	1	NA	NA	NA	1	1	
mirna.prom::chr22:25844003-25844286_2::NA::NA	1	NA	NA	NA	1	NA	NA	NA	1	1	
mirna.prom::chr22:26985851-26985889_1::NA::NA	1	NA	NA	NA	1	NA	NA	NA	1	1	
mirna.prom::chr22:28839061-28839366_1::NA::NA	1	NA	NA	NA	1	NA	NA	NA	1	1	
mirna.prom::chr22:30402662-30403697_2::NA::NA	1	NA	NA	NA	1	NA	NA	NA	1	1	
mirna.prom::chr22:35767727-35768127_1::NA::NA	1	NA	NA	NA	1	NA	NA	NA	1	1	
mirna.prom::chr22:38381983-38381999_1::NA::NA	1	NA	NA	NA	1	NA	NA	NA	1	1	
mirna.prom::chr22:41698599-41698826_1::NA::NA	1	NA	NA	NA	1	NA	NA	NA	1	1	
mirna.prom::chr22:42271734-42271836_1::NA::NA	1	NA	NA	NA	1	NA	NA	NA	1	1	
mirna.prom::chr22:42271734-42272525_2::NA::NA	1	NA	NA	NA	1	NA	NA	NA	1	1	
mirna.prom::chr22:49969505-49969523_1::NA::NA	1	NA	NA	NA	1	NA	NA	NA	1	1	
mirna.prom::chr3:10371363-10371763_1::NA::NA	1	NA	NA	NA	1	NA	NA	NA	1	1	
mirna.prom::chr3:114469212-114469330_1::NA::NA	1	NA	NA	NA	1	NA	NA	NA	1	1	
mirna.prom::chr3:123849189-123849589_1::NA::NA	1	NA	NA	NA	1	NA	NA	NA	1	1	
mirna.prom::chr3:124449498-124449516_1::NA::NA	1	NA	NA	NA	1	NA	NA	NA	1	1	
mirna.prom::chr3:128968648-128968673_1::NA::NA	1	NA	NA	NA	1	NA	NA	NA	1	1	
mirna.prom::chr3:15563002-15563020_1::NA::NA	1	NA	NA	NA	1	NA	NA	NA	1	1	
mirna.prom::chr3:15901478-15901674_1::NA::NA	1	NA	NA	NA	1	NA	NA	NA	1	1	
mirna.prom::chr3:168245999-168246399_1::NA::NA	1	NA	NA	NA	1	NA	NA	NA	1	1	
mirna.prom::chr3:170848626-170849026_1::NA::NA	1	NA	NA	NA	1	NA	NA	NA	1	1	
mirna.prom::chr3:25706598-25706632_1::NA::NA	1	NA	NA	NA	1	NA	NA	NA	1	1	
mirna.prom::chr3:31224142-31224192_1::NA::NA	1	NA	NA	NA	1	NA	NA	NA	1	1	
mirna.prom::chr3:32568420-32568445_1::NA::NA	1	NA	NA	NA	1	NA	NA	NA	1	1	
mirna.prom::chr3:35747941-35748341_1::NA::NA	1	NA	NA	NA	1	NA	NA	NA	1	1	
mirna.prom::chr3:35747941-35751428_2::NA::NA	1	NA	NA	NA	1	NA	NA	NA	1	1	
mirna.prom::chr3:39170807-39170918_1::NA::NA	1	NA	NA	NA	1	NA	NA	NA	1	1	
mirna.prom::chr3:48594049-48594056_1::NA::NA	1	NA	NA	NA	1	NA	NA	NA	1	1	
mirna.prom::chr3:48625659-48626059_2::NA::NA	1	NA	NA	NA	1	NA	NA	NA	1	1	
mirna.prom::chr3:48685463-48716803_3::NA::NA	1	NA	NA	NA	1	NA	NA	NA	1	1	
mirna.prom::chr3:49058242-49058243_1::NA::NA	1	NA	NA	NA	1	NA	NA	NA	1	1	
mirna.prom::chr3:49851136-49851158_1::NA::NA	1	NA	NA	NA	1	NA	NA	NA	1	1	
mirna.prom::chr3:50712184-50712471_1::NA::NA	1	NA	NA	NA	1	NA	NA	NA	1	1	
mirna.prom::chr3:52311733-52312866_2::NA::NA	1	NA	NA	NA	1	NA	NA	NA	1	1	
mirna.prom::chr3:52332724-52333124_2::NA::NA	1	NA	NA	NA	1	NA	NA	NA	1	1	
mirna.prom::chr3:55893497-55893897_1::NA::NA	1	NA	NA	NA	1	NA	NA	NA	1	1	
mirna.prom::chr3:87276180-87276220_1::NA::NA	1	NA	NA	NA	1	NA	NA	NA	1	1	
mirna.prom::chr4:102205596-102205996_1::NA::NA	1	NA	NA	NA	1	NA	NA	NA	1	1	
mirna.prom::chr4:113569775-113570046_2::NA::NA	1	NA	NA	NA	1	NA	NA	NA	1	1	
mirna.prom::chr4:11370034-11370434_1::NA::NA	1	NA	NA	NA	1	NA	NA	NA	1	1	
mirna.prom::chr4:13628945-13628962_1::NA::NA	1	NA	NA	NA	1	NA	NA	NA	1	1	
mirna.prom::chr4:183058237-183058637_1::NA::NA	1	NA	NA	NA	1	NA	NA	NA	1	1	
mirna.prom::chr4:77485578-77485978_1::NA::NA	1	NA	NA	NA	1	NA	NA	NA	1	1	
mirna.prom::chr4:99917024-99917044_1::NA::NA	1	NA	NA	NA	1	NA	NA	NA	1	1	
mirna.prom::chr5:118469879-118475006_2::NA::NA	1	NA	NA	NA	1	NA	NA	NA	1	1	
mirna.prom::chr5:128430229-128430243_1::NA::NA	1	NA	NA	NA	1	NA	NA	NA	1	1	
mirna.prom::chr5:133512085-133512210_1::NA::NA	1	NA	NA	NA	1	NA	NA	NA	1	1	
mirna.prom::chr5:137023031-137023431_1::NA::NA	1	NA	NA	NA	1	NA	NA	NA	1	1	
mirna.prom::chr5:14872087-14872115_1::NA::NA	1	NA	NA	NA	1	NA	NA	NA	1	1	
mirna.prom::chr5:148786327-148786440_1::NA::NA	1	NA	NA	NA	1	NA	NA	NA	1	1	
mirna.prom::chr5:149110073-149110082_1::NA::NA	1	NA	NA	NA	1	NA	NA	NA	1	1	
mirna.prom::chr5:1518245-1518645_1::NA::NA	1	NA	NA	NA	1	NA	NA	NA	1	1	
mirna.prom::chr5:153722582-153722982_1::NA::NA	1	NA	NA	NA	1	NA	NA	NA	1	1	
mirna.prom::chr5:154173329-154173569_2::NA::NA	1	NA	NA	NA	1	NA	NA	NA	1	1	
mirna.prom::chr5:159900754-159901154_1::NA::NA	1	NA	NA	NA	1	NA	NA	NA	1	1	
mirna.prom::chr5:168694693-168695093_1::NA::NA	1	NA	NA	NA	1	NA	NA	NA	1	1	
mirna.prom::chr5:169407118-169407274_1::NA::NA	1	NA	NA	NA	1	NA	NA	NA	1	1	
mirna.prom::chr5:172753503-172756860_2::NA::NA	1	NA	NA	NA	1	NA	NA	NA	1	1	
mirna.prom::chr5:179227088-179227177_1::NA::NA	1	NA	NA	NA	1	NA	NA	NA	1	1	
mirna.prom::chr5:32403736-32404004_1::NA::NA	1	NA	NA	NA	1	NA	NA	NA	1	1	
mirna.prom::chr5:571876-573969_2::NA::NA	1	NA	NA	NA	1	NA	NA	NA	1	1	
mirna.prom::chr5:71416438-71416838_1::NA::NA	1	NA	NA	NA	1	NA	NA	NA	1	1	
mirna.prom::chr5:72143771-72143810_1::NA::NA	1	NA	NA	NA	1	NA	NA	NA	1	1	
mirna.prom::chr5:92956998-92957398_1::NA::NA	1	NA	NA	NA	1	NA	NA	NA	1	1	
mirna.prom::chr6:10435107-10435408_1::NA::NA	1	NA	NA	NA	1	NA	NA	NA	1	1	
mirna.prom::chr6:120335120-120335520_1::NA::NA	1	NA	NA	NA	1	NA	NA	NA	1	1	
mirna.prom::chr6:126803159-126803559_1::NA::NA	1	NA	NA	NA	1	NA	NA	NA	1	1	
mirna.prom::chr6:135516586-135516613_1::NA::NA	1	NA	NA	NA	1	NA	NA	NA	1	1	
mirna.prom::chr6:159223196-159223596_1::NA::NA	1	NA	NA	NA	1	NA	NA	NA	1	1	
mirna.prom::chr6:167412322-167412399_1::NA::NA	1	NA	NA	NA	1	NA	NA	NA	1	1	
mirna.prom::chr6:27106818-27106875_1::NA::NA	1	NA	NA	NA	1	NA	NA	NA	1	1	
mirna.prom::chr6:30551673-30551948_1::NA::NA	1	NA	NA	NA	1	NA	NA	NA	1	1	
mirna.prom::chr6:31591692-31591961_1::NA::NA	1	NA	NA	NA	1	NA	NA	NA	1	1	
mirna.prom::chr6:31668665-31669044_2::NA::NA	1	NA	NA	NA	1	NA	NA	NA	1	1	
mirna.prom::chr6:32144099-32144125_1::NA::NA	1	NA	NA	NA	1	NA	NA	NA	1	1	
mirna.prom::chr6:33167942-33168012_1::NA::NA	1	NA	NA	NA	1	NA	NA	NA	1	1	
mirna.prom::chr6:33256864-33256872_1::NA::NA	1	NA	NA	NA	1	NA	NA	NA	1	1	
mirna.prom::chr6:35437646-35437935_1::NA::NA	1	NA	NA	NA	1	NA	NA	NA	1	1	
mirna.prom::chr6:35639405-35639805_1::NA::NA	1	NA	NA	NA	1	NA	NA	NA	1	1	
mirna.prom::chr6:37556090-37556490_1::NA::NA	1	NA	NA	NA	1	NA	NA	NA	1	1	
mirna.prom::chr6:44225045-44225065_1::NA::NA	1	NA	NA	NA	1	NA	NA	NA	1	1	
mirna.prom::chr6:90995875-90996275_1::NA::NA	1	NA	NA	NA	1	NA	NA	NA	1	1	
mirna.prom::chr7:101930010-101930410_1::NA::NA	1	NA	NA	NA	1	NA	NA	NA	1	1	
mirna.prom::chr7:1068175-1068205_1::NA::NA	1	NA	NA	NA	1	NA	NA	NA	1	1	
mirna.prom::chr7:116660066-116660071_1::NA::NA	1	NA	NA	NA	1	NA	NA	NA	1	1	
mirna.prom::chr7:126731747-126732147_1::NA::NA	1	NA	NA	NA	1	NA	NA	NA	1	1	
mirna.prom::chr7:127807686-127841568_2::NA::NA	1	NA	NA	NA	1	NA	NA	NA	1	1	
mirna.prom::chr7:158380680-158380945_1::NA::NA	1	NA	NA	NA	1	NA	NA	NA	1	1	
mirna.prom::chr7:21467882-21467892_1::NA::NA	1	NA	NA	NA	1	NA	NA	NA	1	1	
mirna.prom::chr7:25989754-25990154_1::NA::NA	1	NA	NA	NA	1	NA	NA	NA	1	1	
mirna.prom::chr7:29724085-29724257_1::NA::NA	1	NA	NA	NA	1	NA	NA	NA	1	1	
mirna.prom::chr7:32767546-32767946_1::NA::NA	1	NA	NA	NA	1	NA	NA	NA	1	1	
mirna.prom::chr7:7111460-7111860_1::NA::NA	1	NA	NA	NA	1	NA	NA	NA	1	1	
mirna.prom::chr7:91837381-91837781_1::NA::NA	1	NA	NA	NA	1	NA	NA	NA	1	1	
mirna.prom::chr7:95850461-95850861_1::NA::NA	1	NA	NA	NA	1	NA	NA	NA	1	1	
mirna.prom::chr7:98476312-98476360_1::NA::NA	1	NA	NA	NA	1	NA	NA	NA	1	1	
mirna.prom::chr7:99698808-99698816_1::NA::NA	1	NA	NA	NA	1	NA	NA	NA	1	1	
mirna.prom::chr8:10488964-10489364_1::NA::NA	1	NA	NA	NA	1	NA	NA	NA	1	1	
mirna.prom::chr8:105508989-105509193_1::NA::NA	1	NA	NA	NA	1	NA	NA	NA	1	1	
mirna.prom::chr8:10709294-10731753_2::NA::NA	1	NA	NA	NA	1	NA	NA	NA	1	1	
mirna.prom::chr8:10917048-10917448_1::NA::NA	1	NA	NA	NA	1	NA	NA	NA	1	1	
mirna.prom::chr8:124253214-124268594_2::NA::NA	1	NA	NA	NA	1	NA	NA	NA	1	1	
mirna.prom::chr8:125570369-125570769_1::NA::NA	1	NA	NA	NA	1	NA	NA	NA	1	1	
mirna.prom::chr8:12613199-12613208_1::NA::NA	1	NA	NA	NA	1	NA	NA	NA	1	1	
mirna.prom::chr8:128806665-128807001_2::NA::NA	1	NA	NA	NA	1	NA	NA	NA	1	1	
mirna.prom::chr8:134087023-134087423_2::NA::NA	1	NA	NA	NA	1	NA	NA	NA	1	1	
mirna.prom::chr8:141766706-141767106_1::NA::NA	1	NA	NA	NA	1	NA	NA	NA	1	1	
mirna.prom::chr8:145025244-145027887_2::NA::NA	1	NA	NA	NA	1	NA	NA	NA	1	1	
mirna.prom::chr8:145115784-145115799_1::NA::NA	1	NA	NA	NA	1	NA	NA	NA	1	1	
mirna.prom::chr8:145619790-145619852_1::NA::NA	1	NA	NA	NA	1	NA	NA	NA	1	1	
mirna.prom::chr8:145626231-145626550_2::NA::NA	1	NA	NA	NA	1	NA	NA	NA	1	1	
mirna.prom::chr8:1745730-1746130_1::NA::NA	1	NA	NA	NA	1	NA	NA	NA	1	1	
mirna.prom::chr8:17548893-17549211_1::NA::NA	1	NA	NA	NA	1	NA	NA	NA	1	1	
mirna.prom::chr8:2019694-2024668_2::NA::NA	1	NA	NA	NA	1	NA	NA	NA	1	1	
mirna.prom::chr8:25174886-25175127_1::NA::NA	1	NA	NA	NA	1	NA	NA	NA	1	1	
mirna.prom::chr8:27288995-27289128_1::NA::NA	1	NA	NA	NA	1	NA	NA	NA	1	1	
mirna.prom::chr8:41167216-41167223_1::NA::NA	1	NA	NA	NA	1	NA	NA	NA	1	1	
mirna.prom::chr8:6481447-6519046_4::NA::NA	1	NA	NA	NA	1	NA	NA	NA	1	1	
mirna.prom::chr8:6575927-6578155_2::NA::NA	1	NA	NA	NA	1	NA	NA	NA	1	1	
mirna.prom::chr8:8861332-8861563_1::NA::NA	1	NA	NA	NA	1	NA	NA	NA	1	1	
mirna.prom::chr8:94006010-94006410_1::NA::NA	1	NA	NA	NA	1	NA	NA	NA	1	1	
mirna.prom::chr8:9588355-9588755_2::NA::NA	1	NA	NA	NA	1	NA	NA	NA	1	1	
mirna.prom::chr8:96037495-96037504_1::NA::NA	1	NA	NA	NA	1	NA	NA	NA	1	1	
mirna.prom::chr8:96127695-96128095_2::NA::NA	1	NA	NA	NA	1	NA	NA	NA	1	1	
mirna.prom::chr9:100174635-100175035_1::NA::NA	1	NA	NA	NA	1	NA	NA	NA	1	1	
mirna.prom::chr9:101018115-101018131_1::NA::NA	1	NA	NA	NA	1	NA	NA	NA	1	1	
mirna.prom::chr9:126169317-126169717_1::NA::NA	1	NA	NA	NA	1	NA	NA	NA	1	1	
mirna.prom::chr9:130547326-130547726_1::NA::NA	1	NA	NA	NA	1	NA	NA	NA	1	1	
mirna.prom::chr9:130639762-130639822_1::NA::NA	1	NA	NA	NA	1	NA	NA	NA	1	1	
mirna.prom::chr9:131012814-131012983_1::NA::NA	1	NA	NA	NA	1	NA	NA	NA	1	1	
mirna.prom::chr9:131155789-131155799_1::NA::NA	1	NA	NA	NA	1	NA	NA	NA	1	1	
mirna.prom::chr9:135820718-135820731_1::NA::NA	1	NA	NA	NA	1	NA	NA	NA	1	1	
mirna.prom::chr9:139449592-139449992_1::NA::NA	1	NA	NA	NA	1	NA	NA	NA	1	1	
mirna.prom::chr9:139560443-139560455_1::NA::NA	1	NA	NA	NA	1	NA	NA	NA	1	1	
mirna.prom::chr9:139642078-139642478_1::NA::NA	1	NA	NA	NA	1	NA	NA	NA	1	1	
mirna.prom::chr9:21559668-21559956_1::NA::NA	1	NA	NA	NA	1	NA	NA	NA	1	1	
mirna.prom::chr9:28879882-28880282_1::NA::NA	1	NA	NA	NA	1	NA	NA	NA	1	1	
mirna.prom::chr9:33473688-33473700_1::NA::NA	1	NA	NA	NA	1	NA	NA	NA	1	1	
mirna.prom::chr9:35605160-35605166_1::NA::NA	1	NA	NA	NA	1	NA	NA	NA	1	1	
mirna.prom::chr9:35718436-35719491_2::NA::NA	1	NA	NA	NA	1	NA	NA	NA	1	1	
mirna.prom::chr9:4839976-4840011_1::NA::NA	1	NA	NA	NA	1	NA	NA	NA	1	1	
mirna.prom::chr9:68417018-68417418_1::NA::NA	1	NA	NA	NA	1	NA	NA	NA	1	1	
mirna.prom::chr9:86585754-86594695_2::NA::NA	1	NA	NA	NA	1	NA	NA	NA	1	1	
mirna.prom::chr9:91926312-91926325_1::NA::NA	1	NA	NA	NA	1	NA	NA	NA	1	1	
mirna.prom::chr9:92800975-92801375_1::NA::NA	1	NA	NA	NA	1	NA	NA	NA	1	1	
mirna.prom::chr9:96928669-96929038_1::NA::NA	1	NA	NA	NA	1	NA	NA	NA	1	1	
mirna.prom::chr9:97818318-97818551_1::NA::NA	1	NA	NA	NA	1	NA	NA	NA	1	1	
mirna.prom::chr9:97843561-97844836_2::NA::NA	1	NA	NA	NA	1	NA	NA	NA	1	1	
mirna.prom::chrX:108297835-108297925_1::NA::NA	1	NA	NA	NA	1	NA	NA	NA	1	1	
mirna.prom::chrX:112065319-112065476_1::NA::NA	1	NA	NA	NA	1	NA	NA	NA	1	1	
mirna.prom::chrX:113934795-113935195_1::NA::NA	1	NA	NA	NA	1	NA	NA	NA	1	1	
mirna.prom::chrX:118787032-118787432_1::NA::NA	1	NA	NA	NA	1	NA	NA	NA	1	1	
mirna.prom::chrX:133306373-133309250_3::NA::NA	1	NA	NA	NA	1	NA	NA	NA	1	1	
mirna.prom::chrX:133680463-133680863_2::NA::NA	1	NA	NA	NA	1	NA	NA	NA	1	1	
mirna.prom::chrX:137794027-137794059_1::NA::NA	1	NA	NA	NA	1	NA	NA	NA	1	1	
mirna.prom::chrX:139012927-139013327_1::NA::NA	1	NA	NA	NA	1	NA	NA	NA	1	1	
mirna.prom::chrX:151142940-151142943_1::NA::NA	1	NA	NA	NA	1	NA	NA	NA	1	1	
mirna.prom::chrX:153677961-153678008_1::NA::NA	1	NA	NA	NA	1	NA	NA	NA	1	1	
mirna.prom::chrX:153991365-153991381_1::NA::NA	1	NA	NA	NA	1	NA	NA	NA	1	1	
mirna.prom::chrX:16690580-16690980_1::NA::NA	1	NA	NA	NA	1	NA	NA	NA	1	1	
mirna.prom::chrX:39512310-39512474_1::NA::NA	1	NA	NA	NA	1	NA	NA	NA	1	1	
mirna.prom::chrX:45629677-45629856_1::NA::NA	1	NA	NA	NA	1	NA	NA	NA	1	1	
mirna.prom::chrX:53224670-53224973_1::NA::NA	1	NA	NA	NA	1	NA	NA	NA	1	1	
mirna.prom::chrX:53231955-53231983_1::NA::NA	1	NA	NA	NA	1	NA	NA	NA	1	1	
mirna.prom::chrX:53461094-53468091_2::NA::NA	1	NA	NA	NA	1	NA	NA	NA	1	1	
mirna.prom::chrX:55516056-55516277_1::NA::NA	1	NA	NA	NA	1	NA	NA	NA	1	1	
mirna.prom::chrX:65231943-65234817_3::NA::NA	1	NA	NA	NA	1	NA	NA	NA	1	1	
mirna.prom::chrX:7065546-7065900_1::NA::NA	1	NA	NA	NA	1	NA	NA	NA	1	1	
mirna.prom::chrX:73438196-73438596_3::NA::NA	1	NA	NA	NA	1	NA	NA	NA	1	1	
mirna.prom::chrX:73513154-73513554_2::NA::NA	1	NA	NA	NA	1	NA	NA	NA	1	1	
